0517059/013.jpg 8 44 62 154 153 96 108 154 108 125 142 95 164 153 165
0739013/014.jpg 3 44 62 154 153 90 98 159 103 119 147 92 163 150 168
0659711/011.jpg 2 51 66 128 128 98 105 153 108 120 138 97 163 146 166
0517059/005.jpg 8 51 66 128 128 92 108 151 101 121 144 103 168 155 162
0517059/014.jpg 8 44 62 154 153 94 104 157 107 125 148 94 167 147 170
0638412/010.jpg 1 66 80 128 128 94 114 152 102 128 143 107 173 161 162
0739013/012.jpg 3 51 66 128 128 96 105 155 110 129 142 95 165 147 169
0659711/006.jpg 2 44 62 154 153 98 99 158 107 124 142 95 165 145 172
0517059/008.jpg 8 51 66 128 128 97 108 148 108 135 144 90 164 143 163
0739013/007.jpg 3 51 66 128 128 96 98 154 106 126 143 90 157 141 164
0517059/011.jpg 8 51 66 128 128 100 94 156 117 111 138 81 153 132 174
0517059/004.jpg 8 44 44 154 154 93 105 150 104 110 141 98 169 148 169
0659711/004.jpg 2 44 62 154 153 93 112 147 101 121 145 111 172 156 163
0638412/005.jpg 1 44 62 154 153 95 107 152 104 126 142 104 169 152 166
0638412/004.jpg 1 51 66 128 128 97 105 153 107 126 139 98 162 148 164
0739013/013.jpg 3 44 62 154 153 100 104 161 115 130 145 91 160 151 171
0638412/015.jpg 1 44 44 154 154 95 109 150 102 119 140 104 165 154 160
0638412/001.jpg 1 44 44 154 154 90 96 148 105 102 146 92 166 137 173
0638412/009.jpg 1 51 66 128 128 107 96 151 128 114 138 77 138 120 168
0517059/015.jpg 8 51 80 128 128 91 107 149 106 117 142 97 170 144 169
0638412/011.jpg 1 66 78 107 107 98 103 149 105 120 134 100 163 138 162
0517059/012.jpg 8 44 62 154 153 94 109 154 103 127 144 97 163 160 157
0638412/008.jpg 1 44 44 154 154 100 104 155 108 135 143 96 161 149 164
0638412/013.jpg 1 51 66 128 128 92 109 139 109 99 143 97 170 133 171
0517059/017.jpg 8 44 62 154 153 92 105 152 106 115 146 94 160 157 161
0638412/006.jpg 1 44 62 154 153 93 111 150 103 124 144 105 169 155 162
0517059/010.jpg 8 44 62 154 153 94 112 153 106 126 143 100 169 158 163
0517059/016.jpg 8 44 62 154 153 93 107 154 107 122 146 97 171 149 171
0517059/009.jpg 8 44 62 154 153 94 105 154 107 117 146 97 167 149 169
0659711/001.jpg 2 66 80 128 128 104 110 156 116 135 138 106 170 147 174
0659711/008.jpg 2 51 66 128 128 99 107 150 108 131 139 101 165 146 166
0638412/003.jpg 1 44 62 154 153 93 107 153 108 118 149 97 173 147 174
0638412/012.jpg 1 44 62 154 153 96 105 152 105 121 140 97 165 149 166
0638412/007.jpg 1 44 62 154 153 94 106 151 107 115 141 96 162 148 164
0517059/002.jpg 8 51 66 128 128 95 109 147 109 132 135 99 166 147 165
0517059/007.jpg 8 51 66 128 128 92 105 151 103 116 138 98 167 145 167
0739013/015.jpg 3 51 66 128 128 91 107 149 105 111 149 99 164 151 163
0739013/001.jpg 3 51 66 128 128 94 105 155 108 127 145 96 165 148 167
0739013/010.jpg 3 51 66 128 128 91 107 149 105 111 149 99 164 151 163
0659711/003.jpg 2 66 78 107 107 93 111 144 105 111 138 103 168 145 163
0659711/007.jpg 2 44 62 154 153 96 109 148 103 129 132 107 167 153 161
0638412/016.jpg 1 66 66 128 128 97 106 150 102 124 140 105 163 151 160
0739013/004.jpg 3 66 78 107 107 96 102 152 106 123 139 97 158 140 161
0638412/002.jpg 1 51 66 128 128 87 93 136 96 103 125 90 160 129 161
0517059/006.jpg 8 44 62 154 153 92 108 155 106 123 148 93 165 160 162
0659711/013.jpg 2 51 66 128 128 104 112 144 101 145 140 116 171 148 161
0739013/011.jpg 3 51 66 128 128 93 104 152 107 130 144 96 169 145 170
0739013/003.jpg 3 51 66 128 128 93 111 144 108 107 140 98 166 144 165
0739013/008.jpg 3 51 66 128 128 95 103 155 107 127 143 95 163 146 166
0739013/009.jpg 3 44 62 154 153 95 103 156 109 125 139 94 165 145 170
0638412/014.jpg 1 51 66 128 128 94 109 150 104 124 148 106 170 150 167
0659711/012.jpg 2 66 66 128 128 106 109 159 106 142 141 113 169 158 166
0739013/006.jpg 3 51 66 128 128 90 114 142 101 113 143 108 169 152 159
0517059/003.jpg 8 51 66 128 128 92 109 150 101 120 141 105 170 154 163
0517059/001.jpg 8 44 44 154 154 97 102 153 106 116 139 98 167 144 171
0739013/002.jpg 3 66 66 128 128 99 101 152 104 121 138 102 157 146 160
0739013/005.jpg 3 51 66 128 128 95 103 155 107 127 143 95 163 146 166
1139130/015.jpg 10 44 62 154 153 91 106 151 100 131 142 102 170 151 165
1458584/026.jpg 15 44 62 154 153 95 105 152 104 122 144 104 169 146 168
1458584/017.jpg 15 66 66 128 128 91 112 148 91 131 141 115 163 163 145
1139130/001.jpg 10 48 72 147 147 80 92 163 91 131 136 86 170 153 170
1458584/036.jpg 15 44 62 154 153 91 111 153 100 130 146 99 164 161 153
1458584/013.jpg 15 78 78 107 107 112 109 150 109 145 140 114 166 145 165
1458584/030.jpg 15 51 66 128 128 97 102 155 110 129 145 94 166 141 172
1139130/005.jpg 10 44 62 154 153 95 104 151 108 134 143 97 171 142 173
1139130/017.jpg 10 57 59 133 133 109 101 142 106 103 135 98 169 123 172
1139130/011.jpg 10 56 55 142 142 93 90 157 93 120 128 94 167 146 171
1458584/033.jpg 15 44 62 154 153 92 101 156 105 122 147 90 164 147 169
1458584/029.jpg 15 51 66 128 128 98 102 156 113 127 136 97 168 138 176
1139130/019.jpg 10 44 62 154 153 87 107 152 101 120 145 99 180 151 176
1458584/016.jpg 15 44 62 154 153 95 107 150 103 125 144 106 167 150 164
1139130/012.jpg 10 51 66 128 128 90 105 146 99 109 137 101 173 146 170
1458584/021.jpg 15 44 62 154 153 91 105 153 99 127 144 98 161 155 156
1139130/028.jpg 10 66 78 107 107 96 102 149 104 129 138 99 165 141 166
1458584/027.jpg 15 66 66 128 128 108 107 156 109 143 139 109 166 147 167
1458584/022.jpg 15 44 44 154 154 98 102 154 108 136 140 100 170 143 174
1458584/015.jpg 15 78 78 107 107 121 108 157 114 147 140 117 165 140 168
1458584/028.jpg 15 44 62 154 153 91 109 154 102 133 145 106 176 154 170
1139130/025.jpg 10 66 66 128 128 109 105 154 113 146 134 111 167 142 173
1139130/008.jpg 10 56 66 123 123 97 94 156 103 125 143 91 157 140 164
1458584/024.jpg 15 44 62 154 153 92 102 155 102 124 146 95 159 151 160
1458584/001.jpg 15 66 78 107 107 109 104 145 108 127 126 108 150 138 154
1139130/016.jpg 10 51 66 128 128 91 111 148 99 112 137 106 173 153 166
1139130/029.jpg 10 54 67 123 123 86 103 153 100 125 134 92 168 148 166
1458584/014.jpg 15 66 80 128 128 95 113 154 108 126 148 104 167 154 163
1458584/032.jpg 15 44 62 154 153 90 104 153 98 124 146 103 167 151 163
1458584/010.jpg 15 44 62 154 153 97 100 158 112 123 145 92 165 139 174
1458584/004.jpg 15 44 62 154 153 93 109 153 106 124 140 100 169 153 166
1139130/013.jpg 10 44 62 154 153 94 104 153 102 115 133 98 171 143 171
1458584/020.jpg 15 44 62 154 153 98 98 161 106 125 145 94 156 150 164
1458584/011.jpg 15 51 66 128 128 103 98 155 119 129 139 88 157 130 174
1139130/021.jpg 10 52 71 146 146 79 93 154 86 134 121 97 187 166 175
1139130/020.jpg 10 50 66 142 142 93 98 156 98 127 131 101 167 146 168
1458584/009.jpg 15 51 66 128 128 95 106 151 104 129 144 95 157 148 156
1458584/018.jpg 15 44 62 154 153 95 105 154 105 126 145 99 165 147 166
1458584/025.jpg 15 55 57 136 136 97 96 158 101 129 143 98 163 146 166
1458584/003.jpg 15 66 66 128 128 90 111 147 100 125 146 104 161 154 152
1458584/002.jpg 15 66 66 128 128 93 112 149 93 137 138 115 166 162 149
1139130/003.jpg 10 66 66 128 128 89 92 161 86 124 132 104 172 154 167
1139130/022.jpg 10 51 66 128 128 97 95 149 102 101 141 98 160 141 168
1458584/019.jpg 15 44 62 154 153 90 105 154 100 126 146 100 165 154 160
1458584/031.jpg 15 66 66 128 128 113 105 160 117 139 148 97 156 141 166
1458584/005.jpg 15 66 66 128 128 95 111 145 92 137 134 118 164 158 148
1139130/027.jpg 10 51 66 128 128 95 108 138 102 102 138 106 168 141 165
1458584/008.jpg 15 44 62 154 153 92 104 160 106 120 150 96 165 156 168
1139130/023.jpg 10 66 66 128 128 95 115 150 104 132 132 113 174 158 166
1139130/018.jpg 10 51 66 128 128 94 101 149 101 123 136 100 165 142 165
1139130/007.jpg 10 63 76 127 127 106 101 154 103 150 126 115 167 152 167
1139130/030.jpg 10 44 62 154 153 93 101 154 106 119 141 87 157 150 162
1139130/010.jpg 10 61 68 115 115 94 112 148 101 121 134 113 172 150 165
1458584/007.jpg 15 44 62 154 153 92 107 158 99 130 148 105 169 159 163
1139130/004.jpg 10 66 66 128 128 99 106 154 108 134 137 104 170 147 171
1139130/002.jpg 10 64 70 139 139 95 102 158 98 117 145 107 182 150 176
1458584/035.jpg 15 44 62 154 153 93 105 160 106 127 151 95 166 155 167
1458584/034.jpg 15 66 66 128 128 92 112 147 93 135 141 110 164 160 147
1139130/009.jpg 10 44 62 154 153 92 105 152 99 136 141 103 178 152 172
1139130/026.jpg 10 66 66 128 128 102 99 157 105 132 131 98 163 142 168
2118733/004.jpg 14 51 66 128 128 94 108 151 101 129 147 99 162 155 156
1651094/021.jpg 17 51 66 128 128 102 105 156 119 121 134 89 155 143 169
1651094/020.jpg 17 54 75 156 156 97 118 159 114 131 131 107 176 157 174
2118733/007.jpg 14 51 66 128 128 93 106 146 105 109 147 100 161 151 161
1835882/019.jpg 13 44 62 154 153 99 111 151 105 121 148 113 171 155 167
1651094/002.jpg 17 44 44 154 154 102 101 153 104 132 123 105 158 147 160
1651094/010.jpg 17 66 66 128 128 98 100 153 102 121 128 98 160 146 162
1835882/002.jpg 13 44 62 154 153 97 104 152 110 118 139 95 167 140 173
1651094/004.jpg 17 69 71 126 126 101 106 151 108 119 131 98 151 152 154
1835882/007.jpg 13 44 44 154 154 100 104 149 106 106 139 98 168 141 171
1835882/010.jpg 13 44 44 154 154 96 111 147 104 117 137 107 170 150 165
1651094/019.jpg 17 58 80 155 155 104 140 157 115 128 151 128 199 163 184
1651094/007.jpg 17 44 44 154 154 96 107 150 108 115 134 94 162 150 164
1651094/006.jpg 17 44 62 154 153 87 108 152 108 115 128 87 169 145 170
1835882/012.jpg 13 51 66 128 128 105 103 155 116 127 133 95 162 138 173
1651094/005.jpg 17 62 44 153 154 109 104 163 103 149 127 114 163 166 162
1835882/014.jpg 13 44 62 154 153 96 107 153 109 130 136 102 172 149 172
1835882/006.jpg 13 44 44 154 154 94 113 148 105 120 144 102 168 155 160
1651094/011.jpg 17 51 66 128 128 93 108 148 111 116 133 88 160 147 163
1835882/017.jpg 13 44 62 154 153 93 105 152 103 125 144 99 172 150 171
1651094/009.jpg 17 44 44 154 154 94 109 148 107 111 137 96 165 149 163
1835882/013.jpg 13 44 62 154 153 94 105 150 108 122 140 97 171 142 174
2118733/005.jpg 14 44 62 154 153 95 110 153 101 131 145 104 165 161 156
1651094/012.jpg 17 51 66 128 128 97 109 150 111 130 131 100 165 146 167
1651094/015.jpg 17 33 36 147 147 101 97 146 99 136 128 104 160 141 160
2118733/014.jpg 14 44 44 154 154 94 102 151 97 110 150 108 173 155 170
2118733/009.jpg 14 51 66 128 128 104 102 154 110 134 149 91 161 135 168
1835882/004.jpg 13 60 77 124 124 110 105 157 116 137 149 95 156 142 166
1835882/003.jpg 13 51 66 128 128 98 104 151 104 128 147 100 166 146 166
2118733/012.jpg 14 51 66 128 128 90 108 146 105 112 151 98 163 154 160
1835882/018.jpg 13 44 62 154 153 96 108 151 109 118 139 97 167 146 168
1835882/008.jpg 13 44 62 154 153 96 109 150 101 137 144 101 166 153 159
1651094/017.jpg 17 44 44 154 154 96 105 147 108 109 135 93 163 142 167
1651094/014.jpg 17 44 44 154 154 96 104 154 107 135 136 93 163 153 165
2118733/013.jpg 14 51 66 128 128 95 105 145 108 103 140 95 161 140 166
2118733/008.jpg 14 44 62 154 153 92 102 157 104 122 148 95 164 152 166
2118733/010.jpg 14 66 66 128 128 91 118 143 91 141 141 114 169 161 145
1835882/016.jpg 13 44 62 154 153 94 108 151 98 130 141 110 174 156 166
1651094/018.jpg 17 66 66 128 128 98 102 155 103 123 125 95 155 154 157
2118733/006.jpg 14 44 44 154 154 93 98 153 105 110 146 97 167 142 172
2118733/003.jpg 14 44 62 154 153 94 107 152 104 123 145 99 164 154 161
1651094/013.jpg 17 44 44 154 154 105 105 156 112 140 133 105 169 145 174
1651094/008.jpg 17 51 66 128 128 100 106 154 115 127 135 97 164 143 171
2118733/001.jpg 14 66 66 128 128 92 117 145 90 143 140 115 169 162 146
2118733/002.jpg 14 44 62 154 153 94 105 154 103 128 147 97 166 150 164
1835882/009.jpg 13 44 62 154 153 97 110 153 106 129 140 106 174 153 171
1651094/003.jpg 17 44 44 154 154 101 104 151 103 142 133 107 165 151 163
1651094/016.jpg 17 44 62 154 153 97 102 156 106 120 135 95 168 144 172
1835882/001.jpg 13 51 66 128 128 89 108 140 106 107 144 96 170 138 169
2118733/011.jpg 14 66 66 128 128 96 107 148 105 116 146 107 163 150 161
1651094/022.jpg 17 50 62 154 154 100 97 158 105 127 140 94 160 147 167
1835882/015.jpg 13 44 62 154 153 94 108 151 100 127 142 107 172 155 165
3345359/020.jpg 25 70 71 128 128 122 110 154 109 153 139 123 170 145 169
3345359/002.jpg 25 51 66 128 128 93 108 151 104 118 140 101 174 150 170
3638582/017.jpg 4 51 66 128 128 94 108 149 104 115 145 103 166 150 163
3345359/006.jpg 25 44 62 154 153 98 104 156 108 127 148 98 174 146 177
3241167/002.jpg 9 51 66 128 128 93 108 151 104 117 144 101 167 151 164
5949163/017.jpg 11 69 76 130 130 99 113 143 107 115 143 109 169 143 165
3345359/022.jpg 25 44 62 154 153 97 108 152 107 121 144 98 164 154 164
3345359/016.jpg 25 44 62 154 153 92 104 151 99 126 135 104 172 151 168
3345359/001.jpg 25 53 73 132 132 96 106 153 104 131 138 104 172 148 170
3345359/009.jpg 25 44 62 154 153 87 106 151 100 128 146 90 172 156 166
3345359/008.jpg 25 47 73 139 139 92 111 152 104 128 142 105 176 156 169
3241167/015.jpg 9 51 66 128 128 96 101 154 110 119 145 92 163 138 171
3560768/027.jpg 6 51 66 128 128 99 102 153 115 120 136 87 157 141 169
3345359/007.jpg 25 44 62 154 153 93 109 153 103 126 143 96 168 158 163
3560768/022.jpg 6 62 62 153 153 114 106 166 119 146 146 104 166 149 176
3560768/023.jpg 6 44 62 154 153 109 104 161 108 148 145 109 175 143 178
3560768/032.jpg 6 51 66 128 128 97 110 135 107 106 145 109 162 143 161
3560768/015.jpg 6 44 44 154 154 100 100 154 108 133 142 91 159 139 165
3560768/014.jpg 6 66 66 128 128 105 104 155 108 139 140 100 161 148 164
3345359/017.jpg 25 66 78 107 107 97 108 150 106 123 145 103 168 147 167
3560768/040.jpg 6 51 66 128 128 96 108 144 112 108 142 98 161 140 165
3560768/008.jpg 6 44 62 154 153 95 106 153 105 127 144 100 170 151 169
3638582/014.jpg 4 44 62 154 153 89 112 153 108 118 130 95 170 151 167
3560768/018.jpg 6 51 66 128 128 101 103 149 108 133 140 95 158 140 162
3345359/012.jpg 25 51 66 128 128 95 108 148 105 120 142 99 165 151 163
3638582/008.jpg 4 44 62 154 153 92 104 155 106 121 146 95 167 148 169
5949163/013.jpg 11 66 66 128 128 98 102 158 106 112 144 101 166 149 172
3345359/005.jpg 25 44 44 154 154 101 102 154 114 133 132 96 166 142 175
3638582/018.jpg 4 44 62 154 153 90 102 153 103 117 144 95 169 147 170
3241167/009.jpg 9 51 66 128 128 103 93 161 116 119 146 82 146 138 168
3241167/010.jpg 9 44 62 154 153 92 103 153 101 125 142 100 167 149 165
3638582/002.jpg 4 51 66 128 128 98 106 149 106 105 132 95 163 145 164
3638582/005.jpg 4 44 62 154 153 93 108 152 106 122 145 99 170 150 168
3638582/003.jpg 4 44 62 154 153 95 105 154 102 131 137 99 167 154 164
3345359/028.jpg 25 66 66 128 128 98 115 149 97 144 142 113 171 162 154
3345359/014.jpg 25 44 44 154 154 111 95 157 118 128 141 87 153 128 171
3241167/003.jpg 9 51 66 128 128 90 107 150 97 126 142 106 170 154 162
3638582/001.jpg 4 45 66 147 147 97 110 150 105 139 133 110 173 153 167
3638582/015.jpg 4 44 62 154 153 97 104 157 110 123 143 92 158 151 164
3345359/025.jpg 25 44 44 154 154 95 89 150 87 108 126 101 168 144 166
3241167/005.jpg 9 44 62 154 153 98 103 157 111 117 151 100 168 155 174
3560768/003.jpg 6 66 66 128 128 111 105 157 109 147 137 109 163 145 165
3560768/048.jpg 6 66 66 128 128 111 106 156 108 146 140 114 166 149 167
3345359/019.jpg 25 66 66 128 128 103 101 154 112 121 137 92 158 139 170
3345359/027.jpg 25 44 62 154 153 92 108 152 106 120 143 100 179 147 179
3345359/010.jpg 25 44 62 154 153 91 107 149 105 126 137 100 177 147 175
3638582/004.jpg 4 44 62 154 153 90 107 153 102 121 146 101 170 154 166
3560768/013.jpg 6 44 62 154 153 96 103 153 108 120 139 92 162 146 167
3345359/029.jpg 25 66 78 107 107 102 109 140 112 104 131 98 159 125 162
3560768/044.jpg 6 66 66 128 128 112 105 162 118 141 140 106 166 144 176
3560768/045.jpg 6 44 44 154 154 100 104 156 111 129 142 91 162 146 170
3241167/011.jpg 9 44 62 154 153 92 110 151 102 126 146 101 169 155 163
5949163/011.jpg 11 44 62 154 153 96 108 153 110 119 135 98 170 141 171
3560768/001.jpg 6 44 62 154 153 91 102 151 106 123 142 91 169 141 172
5949163/004.jpg 11 44 62 154 153 89 108 157 101 114 143 102 184 153 180
5949163/005.jpg 11 44 62 154 153 94 105 156 105 129 150 101 172 149 172
3345359/031.jpg 25 44 62 154 153 96 103 155 107 123 146 95 170 147 174
3345359/023.jpg 25 47 53 143 143 96 103 157 105 136 144 90 164 152 166
5949163/014.jpg 11 44 62 154 153 98 108 153 106 116 139 102 173 146 173
3241167/004.jpg 9 44 62 154 153 95 104 155 104 120 145 101 171 149 171
3241167/020.jpg 9 44 62 154 153 100 104 157 111 132 146 97 171 144 176
3241167/018.jpg 9 44 44 154 154 95 100 149 104 112 140 98 160 145 163
3241167/001.jpg 9 44 62 154 153 94 107 149 102 114 139 103 169 150 165
3560768/035.jpg 6 44 44 154 154 98 103 152 107 126 141 96 160 145 164
3241167/008.jpg 9 51 66 128 128 96 108 151 104 119 141 104 164 151 161
3241167/012.jpg 9 51 66 128 128 99 99 156 112 127 146 91 166 137 175
5949163/003.jpg 11 51 66 128 128 97 106 155 110 130 148 92 161 144 165
3560768/043.jpg 6 44 62 154 153 98 102 153 110 125 140 92 161 144 168
3638582/006.jpg 4 44 44 154 154 96 106 152 102 136 141 102 167 150 163
3345359/015.jpg 25 51 66 128 128 96 106 152 102 129 137 96 161 153 158
3345359/011.jpg 25 66 66 128 128 101 91 159 91 145 128 115 168 155 165
3345359/004.jpg 25 44 44 154 154 93 111 147 97 116 144 112 172 159 161
3560768/026.jpg 6 51 66 128 128 93 115 143 104 112 135 105 172 147 163
3560768/004.jpg 6 66 66 128 128 119 109 151 110 153 139 122 167 147 167
5949163/008.jpg 11 44 44 154 154 94 100 147 92 102 136 108 174 148 169
3560768/024.jpg 6 44 62 154 153 93 106 151 108 117 140 95 171 143 173
3560768/049.jpg 6 66 78 107 107 105 111 140 112 134 136 114 165 139 165
3345359/030.jpg 25 66 66 128 128 94 112 148 99 128 145 108 163 162 151
3345359/024.jpg 25 53 55 142 142 96 105 152 99 121 135 106 168 152 164
5949163/015.jpg 11 51 66 128 128 97 106 153 108 133 147 88 159 146 161
3638582/009.jpg 4 44 62 154 153 92 105 155 106 122 147 95 167 150 168
3241167/021.jpg 9 51 66 128 128 92 100 156 102 128 143 96 167 146 168
3345359/021.jpg 25 44 62 154 153 96 100 154 100 125 134 100 162 149 162
3345359/026.jpg 25 44 62 154 153 95 105 152 102 123 140 99 166 152 164
3560768/025.jpg 6 51 66 128 128 103 97 160 117 117 147 88 156 140 174
5949163/009.jpg 11 51 66 128 128 99 102 155 112 128 148 92 164 136 171
3345359/018.jpg 25 51 66 128 128 99 109 143 108 108 138 102 170 135 170
5949163/007.jpg 11 44 62 154 153 96 107 153 108 123 138 102 170 144 170
3560768/050.jpg 6 51 66 128 128 92 109 143 104 109 144 103 170 144 167
3241167/016.jpg 9 44 62 154 153 94 105 153 104 127 144 97 167 148 166
3241167/006.jpg 9 44 62 154 153 99 98 153 111 118 145 90 162 137 173
3560768/041.jpg 6 51 66 128 128 92 114 141 101 112 141 106 166 154 155
3241167/019.jpg 9 66 66 128 128 96 113 151 100 135 141 115 171 158 161
3560768/011.jpg 6 44 62 154 153 94 106 151 107 120 141 98 168 146 168
3560768/034.jpg 6 44 62 154 153 93 106 151 106 119 142 95 164 151 164
3638582/007.jpg 4 51 66 128 128 94 105 146 111 109 134 91 161 130 166
3638582/016.jpg 4 44 44 154 154 100 104 159 103 133 144 106 166 153 166
3560768/031.jpg 6 51 66 128 128 99 103 150 110 127 137 96 158 142 164
3241167/014.jpg 9 44 62 154 153 98 103 155 107 129 144 97 168 145 171
3241167/013.jpg 9 44 62 154 153 95 94 156 100 124 136 94 161 142 166
5949163/002.jpg 11 44 62 154 153 93 108 152 101 121 144 106 174 154 169
3560768/042.jpg 6 51 66 128 128 98 102 153 112 122 141 89 157 144 166
3241167/017.jpg 9 44 62 154 153 91 108 150 100 122 140 105 170 152 164
3560768/029.jpg 6 66 66 128 128 124 110 155 119 156 145 116 166 142 171
5949163/001.jpg 11 51 66 128 128 96 104 155 105 114 143 103 167 151 169
3560768/038.jpg 6 44 62 154 153 99 92 157 102 123 129 87 162 135 171
3560768/005.jpg 6 43 66 156 156 101 104 155 116 136 146 92 170 134 178
5949163/012.jpg 11 66 66 128 128 104 105 155 111 137 141 105 167 142 171
3560768/016.jpg 6 53 70 137 137 99 103 149 108 118 133 100 166 137 168
5949163/018.jpg 11 51 66 128 128 93 106 144 108 104 146 99 163 144 165
5949163/010.jpg 11 44 62 154 153 97 103 154 112 127 145 93 169 139 175
5949163/006.jpg 11 51 66 128 128 92 100 154 109 123 147 88 167 136 174
3560768/012.jpg 6 51 66 128 128 94 116 129 107 96 146 106 175 135 170
3560768/030.jpg 6 51 66 128 128 92 121 125 108 95 140 108 168 137 158
3638582/013.jpg 4 44 44 154 154 92 106 149 103 110 141 99 172 144 170
3560768/047.jpg 6 51 66 128 128 98 101 152 109 124 139 92 159 142 166
3560768/037.jpg 6 44 62 154 153 85 110 147 103 118 143 97 171 149 166
3638582/011.jpg 4 51 66 128 128 92 111 135 109 98 139 97 166 131 166
3560768/033.jpg 6 44 44 154 154 99 103 152 105 132 137 101 164 147 165
3241167/007.jpg 9 44 62 154 153 96 99 158 106 120 144 95 169 142 175
3560768/028.jpg 6 51 66 128 128 93 110 129 112 92 139 94 163 122 166
3638582/012.jpg 4 51 66 128 128 102 111 152 111 138 144 101 164 145 165
3345359/032.jpg 25 51 66 128 128 94 106 146 102 112 139 101 166 149 163
5949163/016.jpg 11 51 66 128 128 93 107 151 101 136 137 107 175 149 169
3560768/039.jpg 6 66 66 128 128 113 106 157 109 146 138 113 161 151 163
3345359/013.jpg 25 57 85 122 122 96 111 145 101 140 135 113 172 153 162
3638582/010.jpg 4 66 66 128 128 104 104 156 112 134 144 92 152 145 160
0005405/110.jpg 16 44 44 154 154 91 104 152 102 110 140 94 168 157 167
0005405/008.jpg 16 51 66 128 128 105 98 157 116 121 146 89 159 127 172
0005405/130.jpg 16 44 62 154 153 94 110 148 102 132 137 115 179 152 174
0005405/067.jpg 16 66 51 128 128 115 108 152 114 143 143 104 157 136 162
0005405/186.jpg 16 51 66 128 128 92 112 143 101 118 142 103 164 158 154
0005405/066.jpg 16 66 78 107 107 95 108 150 104 126 144 97 160 152 157
0005405/030.jpg 16 44 44 154 154 97 105 157 106 132 140 96 164 154 165
0005405/133.jpg 16 51 66 128 128 89 114 125 107 89 141 99 168 128 163
0005405/192.jpg 16 51 66 128 128 105 107 147 111 139 137 102 159 139 162
0005405/155.jpg 16 44 62 154 153 95 99 154 110 113 137 85 157 141 168
0005405/043.jpg 16 51 66 128 128 96 110 151 102 132 138 105 165 155 158
0005405/005.jpg 16 51 66 128 128 94 102 152 107 115 141 90 167 144 172
0005405/064.jpg 16 44 62 154 153 91 106 153 109 130 135 89 166 154 168
0005405/139.jpg 16 51 66 128 128 98 111 148 103 139 138 110 171 153 164
0005405/015.jpg 16 44 44 154 154 109 110 150 106 148 139 108 167 146 164
0005405/157.jpg 16 51 66 128 128 92 113 130 106 98 146 107 166 140 162
0005405/056.jpg 16 44 44 154 154 103 108 154 110 137 136 99 159 151 161
0005405/154.jpg 16 44 62 154 153 95 107 158 103 130 137 99 170 161 166
0005405/072.jpg 16 44 62 154 153 94 105 153 105 124 140 99 165 147 165
0005405/060.jpg 16 44 44 154 154 93 107 148 112 105 138 88 166 135 172
0005405/099.jpg 16 44 44 154 154 97 107 147 105 108 135 101 167 143 166
0005405/134.jpg 16 62 62 153 153 124 112 158 111 158 144 122 172 150 171
0005405/129.jpg 16 44 62 154 153 94 108 154 104 126 139 97 163 158 159
0005405/016.jpg 16 44 62 154 153 95 108 153 106 130 142 94 164 154 163
0005405/011.jpg 16 51 66 128 128 96 98 152 104 117 144 97 162 144 167
0005405/079.jpg 16 66 66 128 128 92 111 152 98 131 136 108 168 160 157
0005405/108.jpg 16 44 62 154 153 93 101 153 104 124 139 94 159 146 162
0005405/100.jpg 16 44 44 154 154 105 105 156 119 138 142 96 160 144 173
0005405/101.jpg 16 44 62 154 153 97 103 155 107 121 138 95 164 146 168
0005405/022.jpg 16 51 66 128 128 102 100 153 116 125 141 87 155 135 170
0005405/107.jpg 16 44 62 154 153 100 105 160 115 114 139 94 172 142 180
0005405/151.jpg 16 44 44 154 154 106 107 154 106 141 134 106 159 151 159
0005405/125.jpg 16 51 66 128 128 89 102 148 102 109 145 96 170 146 170
0005405/149.jpg 16 66 66 128 128 102 104 154 116 123 145 97 156 141 166
0005405/109.jpg 16 66 66 128 128 111 111 152 113 152 136 115 165 152 165
0005405/184.jpg 16 44 44 154 154 93 110 149 101 122 141 100 163 161 154
0005405/166.jpg 16 37 66 128 128 88 114 120 105 85 139 99 166 126 161
0005405/167.jpg 16 51 66 128 128 88 117 136 107 102 143 99 171 143 163
0005405/176.jpg 16 66 78 107 107 98 112 145 105 123 141 112 163 143 158
0005405/034.jpg 16 44 62 154 153 94 107 154 102 129 145 99 165 155 161
0005405/029.jpg 16 66 78 107 107 96 107 146 102 120 138 102 156 150 152
0005405/181.jpg 16 44 62 154 153 94 107 152 105 121 143 101 170 151 168
0005405/068.jpg 16 44 62 154 153 93 105 152 105 122 144 99 169 148 168
0005405/142.jpg 16 44 62 154 153 93 111 153 107 123 137 95 168 158 164
0005405/037.jpg 16 44 44 154 154 92 112 141 99 109 141 106 164 154 153
0005405/128.jpg 16 66 66 128 128 110 105 162 117 139 152 91 156 144 167
0005405/013.jpg 16 66 78 107 107 96 106 152 106 123 144 98 160 150 160
0005405/119.jpg 16 44 62 154 153 92 109 150 103 123 141 99 167 155 162
0005405/010.jpg 16 44 62 154 153 97 106 152 104 122 141 104 171 149 170
0005405/131.jpg 16 44 62 154 153 94 106 152 102 121 139 97 160 157 158
0005405/126.jpg 16 44 44 154 154 94 109 143 102 100 132 98 166 142 161
0005405/114.jpg 16 44 44 154 154 98 106 154 113 129 144 97 167 144 172
0005405/046.jpg 16 44 62 154 153 94 108 156 106 128 139 94 164 159 162
0005405/173.jpg 16 44 44 154 154 104 107 149 104 145 134 114 166 149 163
0005405/112.jpg 16 66 78 107 107 98 107 147 103 123 135 105 153 150 150
0005405/042.jpg 16 44 62 154 153 92 107 151 103 120 142 97 166 156 163
0005405/073.jpg 16 44 44 154 154 98 105 151 100 134 134 104 161 152 156
0005405/171.jpg 16 44 62 154 153 95 105 154 104 119 145 97 161 155 161
0005405/087.jpg 16 66 66 128 128 104 102 160 112 133 141 94 160 146 170
0005405/017.jpg 16 66 66 128 128 100 106 155 108 133 136 99 162 152 164
0005405/180.jpg 16 51 66 128 128 92 105 150 100 123 137 96 163 156 157
0005405/187.jpg 16 44 62 154 153 101 102 157 108 127 143 90 153 151 160
0005405/024.jpg 16 44 62 154 153 92 115 143 102 106 126 102 171 145 162
0005405/172.jpg 16 51 66 128 128 94 106 148 101 115 142 102 162 153 158
0005405/152.jpg 16 51 66 128 128 100 111 154 104 140 142 112 169 151 163
0005405/082.jpg 16 66 66 128 128 89 114 146 99 122 135 100 166 160 151
0005405/111.jpg 16 44 62 154 153 92 109 152 105 122 139 93 167 160 163
0005405/070.jpg 16 51 66 128 128 103 111 148 110 140 141 110 172 143 170
0005405/121.jpg 16 44 62 154 153 94 104 153 103 125 140 97 160 152 160
0005405/088.jpg 16 66 80 128 128 106 107 152 110 119 140 105 159 146 163
0005405/047.jpg 16 51 66 128 128 86 113 127 112 93 145 93 166 127 166
0005405/077.jpg 16 51 66 128 128 89 108 144 104 112 143 94 165 149 162
0005405/170.jpg 16 44 62 154 153 93 107 153 106 122 142 95 168 152 168
0005405/028.jpg 16 51 66 128 128 97 104 152 110 127 137 94 158 144 163
0005405/063.jpg 16 44 44 154 154 96 112 148 106 108 139 101 171 148 167
0005405/062.jpg 16 44 62 154 153 95 106 152 102 125 137 99 160 155 156
0005405/055.jpg 16 51 66 128 128 90 107 144 105 101 134 89 166 140 166
0005405/177.jpg 16 44 62 154 153 92 109 153 105 122 141 96 167 157 164
0005405/021.jpg 16 44 44 154 154 101 103 156 112 139 143 95 164 143 171
0005405/143.jpg 16 44 44 154 154 100 101 156 111 132 147 92 163 140 171
0005405/160.jpg 16 51 66 128 128 100 110 157 106 142 144 100 171 155 166
0005405/188.jpg 16 44 44 154 154 100 108 153 100 142 139 108 168 153 161
0005405/189.jpg 16 66 66 128 128 106 109 154 108 145 140 103 163 151 162
0005405/118.jpg 16 51 66 128 128 102 110 151 101 145 130 117 165 157 157
0005405/179.jpg 16 66 66 128 128 124 108 166 110 152 140 119 159 156 160
0005405/153.jpg 16 51 66 128 128 94 105 150 101 121 132 105 166 148 163
0005405/025.jpg 16 44 62 154 153 92 107 154 100 129 148 100 166 156 160
0005405/095.jpg 16 44 62 154 153 94 100 154 104 123 138 92 158 149 162
0005405/083.jpg 16 44 62 154 153 92 110 152 103 126 141 106 175 154 170
0005405/012.jpg 16 51 66 128 128 96 109 145 106 102 126 91 165 137 165
0005405/075.jpg 16 44 62 154 153 96 106 153 105 123 136 100 164 149 164
0005405/033.jpg 16 51 66 128 128 98 97 149 106 128 139 92 161 132 167
0005405/137.jpg 16 44 62 154 153 97 103 156 113 123 148 89 164 143 173
0005405/076.jpg 16 44 62 154 153 96 104 153 107 123 143 93 162 148 166
0005405/115.jpg 16 44 62 154 153 86 108 146 97 120 143 103 173 154 165
0005405/058.jpg 16 51 66 128 128 98 105 153 111 124 144 92 159 148 164
0005405/140.jpg 16 66 66 128 128 121 104 157 116 162 141 109 165 143 171
0005405/050.jpg 16 51 66 128 128 89 117 126 110 89 150 101 173 131 170
0005405/080.jpg 16 51 66 128 128 105 103 157 118 132 141 88 151 140 165
0005405/145.jpg 16 44 44 154 154 98 110 151 105 111 141 104 172 148 169
0005405/052.jpg 16 51 66 128 128 91 111 144 98 119 140 105 160 155 149
0005405/191.jpg 16 66 66 128 128 112 108 158 112 146 148 108 169 144 171
0005405/116.jpg 16 66 66 128 128 104 107 157 110 147 138 99 168 155 171
0005405/071.jpg 16 66 80 128 128 93 112 153 104 126 143 107 176 155 171
0005405/174.jpg 16 51 66 128 128 100 103 156 114 124 143 89 157 144 167
0005405/183.jpg 16 44 62 154 153 95 106 156 107 131 138 94 165 156 166
0005405/085.jpg 16 51 66 128 128 93 116 144 103 114 146 108 167 155 156
0005405/053.jpg 16 51 66 128 128 94 111 151 102 128 145 104 166 157 159
0005405/027.jpg 16 44 62 154 153 93 104 153 106 122 142 92 163 151 166
0005405/146.jpg 16 44 62 154 153 91 110 152 101 126 145 102 168 156 160
0005405/147.jpg 16 51 66 128 128 97 100 154 112 115 138 86 154 141 167
0005405/168.jpg 16 51 66 128 128 93 101 144 107 100 141 96 164 133 171
0005405/081.jpg 16 80 80 128 128 111 104 173 116 134 154 103 163 160 174
0005405/086.jpg 16 44 44 154 154 91 110 144 97 122 137 106 165 155 153
0005405/054.jpg 16 44 62 154 153 93 116 157 109 128 125 105 171 159 165
0005405/178.jpg 16 44 62 154 153 96 105 153 105 129 136 98 166 151 167
0005405/165.jpg 16 44 62 154 153 96 95 154 91 127 137 99 158 151 154
0005405/094.jpg 16 44 62 154 153 89 107 149 106 117 146 95 172 144 172
0005405/045.jpg 16 78 78 107 107 124 114 144 115 150 134 134 160 149 159
0005405/117.jpg 16 51 66 128 128 100 107 149 110 109 141 99 160 148 165
0005405/078.jpg 16 44 62 154 153 88 107 156 108 128 139 93 181 152 181
0005405/161.jpg 16 51 66 128 128 90 113 134 104 95 138 98 174 136 168
0005405/193.jpg 16 44 62 154 153 93 106 153 107 124 144 95 167 149 168
0005405/105.jpg 16 44 44 154 154 103 113 158 106 147 143 102 171 156 165
0005405/175.jpg 16 51 66 128 128 98 109 141 112 99 137 94 164 129 169
0005405/136.jpg 16 66 66 128 128 95 107 153 107 119 143 95 161 157 161
0005405/023.jpg 16 80 66 128 128 124 113 165 115 159 142 126 172 160 173
0005405/182.jpg 16 66 66 128 128 101 100 156 106 126 147 94 165 140 170
0005405/014.jpg 16 51 66 128 128 108 98 158 126 125 141 82 163 118 183
0005405/032.jpg 16 66 78 107 107 99 109 150 108 137 136 106 167 150 166
0005405/074.jpg 16 66 66 128 128 102 102 156 108 118 142 100 163 146 169
0005405/049.jpg 16 44 62 154 153 99 102 159 105 127 137 100 162 150 165
0005405/020.jpg 16 66 66 128 128 101 108 153 103 134 130 112 167 158 163
0005405/041.jpg 16 66 66 128 128 116 112 153 109 150 143 116 166 149 163
0005405/148.jpg 16 26 54 147 147 64 118 124 91 107 146 95 175 146 152
0005405/019.jpg 16 44 62 154 153 94 106 153 103 123 142 100 168 151 166
0005405/040.jpg 16 66 66 128 128 98 104 153 109 127 141 95 159 145 164
0005405/091.jpg 16 44 44 154 154 99 105 155 112 135 141 96 167 146 173
0005405/059.jpg 16 51 66 128 128 93 108 152 104 122 145 95 162 155 159
0005405/135.jpg 16 51 66 128 128 96 103 155 107 122 139 98 165 146 168
0005405/164.jpg 16 51 66 128 128 94 106 152 103 127 135 96 164 156 161
0005405/132.jpg 16 66 66 128 128 112 112 154 113 141 149 109 164 143 166
0005405/051.jpg 16 66 66 128 128 101 114 154 105 139 148 105 165 161 155
0005405/092.jpg 16 44 62 154 153 95 107 153 103 129 141 104 173 152 170
0005405/093.jpg 16 51 66 128 128 96 108 149 104 123 141 96 156 157 152
0005405/138.jpg 16 44 62 154 153 96 108 154 108 113 141 98 177 148 178
0005405/150.jpg 16 51 66 128 128 108 111 150 109 146 139 115 172 152 169
0005405/103.jpg 16 66 78 107 107 102 105 150 108 119 136 99 159 149 162
0005405/159.jpg 16 37 66 128 128 80 104 120 103 94 134 87 165 117 165
0005405/158.jpg 16 44 62 154 153 98 101 154 106 122 135 97 160 144 165
0005405/057.jpg 16 44 62 154 153 94 112 149 104 117 142 106 175 152 169
0005405/156.jpg 16 44 62 154 153 92 106 152 104 123 145 95 164 152 162
0005405/141.jpg 16 66 66 128 128 111 107 152 106 150 138 113 166 146 165
0005405/106.jpg 16 51 66 128 128 99 100 144 112 102 140 94 156 133 166
0005405/127.jpg 16 44 62 154 153 93 108 155 104 124 142 101 171 155 167
0005405/113.jpg 16 51 66 128 128 92 106 151 105 119 145 99 170 149 169
0005405/124.jpg 16 51 66 128 128 95 106 151 107 123 141 96 159 147 160
0005405/102.jpg 16 66 66 128 128 101 115 149 96 149 141 129 174 164 159
0005405/039.jpg 16 51 66 128 128 96 110 149 105 130 137 101 160 152 155
0334106/004.jpg 27 44 44 154 154 96 108 154 98 138 140 110 170 157 162
0291711/003.jpg 12 51 66 128 128 97 105 151 106 126 138 101 164 146 164
0291711/044.jpg 12 66 80 128 128 100 100 156 109 110 145 95 162 147 172
0291711/028.jpg 12 51 66 128 128 97 108 151 104 129 143 102 165 150 162
0291711/038.jpg 12 51 66 128 128 94 109 149 101 116 141 106 166 159 159
0291711/071.jpg 12 44 62 154 153 99 108 154 110 129 143 105 182 146 183
0381043/022.jpg 19 44 62 154 153 97 110 148 106 116 140 104 171 151 167
0381043/017.jpg 19 51 66 128 128 92 112 142 103 118 139 105 168 149 161
0381043/016.jpg 19 44 62 154 153 95 109 150 106 126 143 101 169 149 167
0451321/009.jpg 31 51 66 128 128 97 110 131 112 95 141 102 165 130 167
0291711/059.jpg 12 51 66 128 128 92 108 152 101 128 144 103 169 155 163
0334106/014.jpg 27 51 66 128 128 102 107 150 104 138 143 104 164 146 161
0451321/010.jpg 31 44 44 154 154 95 111 149 103 112 137 105 170 150 164
0291711/051.jpg 12 51 66 128 128 104 92 155 117 104 132 75 153 121 175
0291711/050.jpg 12 44 62 154 153 89 117 152 104 116 135 105 181 154 171
0291711/056.jpg 12 44 62 154 153 93 105 152 103 125 144 97 165 150 163
0237849/003.jpg 26 51 66 128 128 106 93 157 120 107 138 82 149 125 172
0381043/034.jpg 19 44 62 154 153 94 111 149 103 124 142 105 171 153 165
0291711/034.jpg 12 51 66 128 128 91 110 145 103 113 146 104 168 151 162
0291711/018.jpg 12 73 81 103 103 97 110 133 113 103 140 97 157 131 161
0291711/063.jpg 12 44 62 154 153 95 108 152 105 122 141 106 178 147 176
0381043/003.jpg 19 44 44 154 154 92 109 143 99 115 141 108 167 152 159
0291711/076.jpg 12 65 82 118 118 115 113 147 111 146 134 123 157 146 153
0237849/013.jpg 26 66 78 107 107 98 108 150 105 124 144 106 161 148 159
0334106/010.jpg 27 54 60 137 137 98 117 130 93 131 131 121 162 150 143
0451321/005.jpg 31 58 75 147 147 102 98 163 114 127 139 92 172 140 183
0291711/089.jpg 12 64 67 126 126 103 96 159 113 122 136 87 153 138 169
0381043/013.jpg 19 66 80 128 128 99 107 154 109 122 141 99 163 150 166
0291711/013.jpg 12 66 66 128 128 118 111 145 111 150 135 125 165 146 165
0291711/039.jpg 12 44 62 154 153 92 112 152 106 113 139 98 177 150 172
0291711/055.jpg 12 51 66 128 128 100 103 152 107 135 147 96 167 140 169
0291711/083.jpg 12 44 62 154 153 95 105 153 105 124 140 98 164 149 165
0291711/040.jpg 12 51 66 128 128 94 107 150 104 124 139 100 167 150 164
0291711/006.jpg 12 44 62 154 153 95 105 155 105 128 144 91 159 154 160
0291711/037.jpg 12 44 62 154 153 90 104 149 99 121 144 97 162 155 157
0291711/009.jpg 12 44 62 154 153 95 104 153 109 123 139 96 170 143 173
0291711/086.jpg 12 66 66 128 128 94 112 148 101 127 142 107 167 158 156
0291711/087.jpg 12 51 66 128 128 94 106 152 102 128 143 101 167 149 164
0291711/096.jpg 12 44 62 154 153 93 108 163 106 137 145 106 186 158 184
0291711/027.jpg 12 51 66 128 128 93 106 151 104 119 143 97 166 151 165
0291711/066.jpg 12 66 74 139 139 96 100 154 105 108 147 105 167 149 171
0237849/005.jpg 26 66 66 128 128 102 102 155 114 111 143 94 158 141 170
0334106/001.jpg 27 44 44 154 154 103 102 158 110 136 147 95 160 141 168
0237849/014.jpg 26 44 44 154 154 92 108 146 103 114 143 103 172 144 169
0291711/032.jpg 12 66 66 128 128 109 109 156 114 145 133 112 163 153 166
0291711/049.jpg 12 51 66 128 128 97 107 150 104 120 139 103 165 147 164
0291711/021.jpg 12 44 62 154 153 91 104 152 101 122 140 97 168 151 166
0381043/005.jpg 19 51 66 128 128 96 110 148 101 129 136 111 167 155 159
0451321/014.jpg 31 51 66 128 128 88 108 139 100 101 136 102 175 139 170
0291711/062.jpg 12 44 62 154 153 98 105 154 108 117 142 97 164 149 168
0381043/014.jpg 19 51 66 128 128 93 116 125 102 98 137 111 164 139 154
0291711/043.jpg 12 44 62 154 153 95 102 160 102 122 146 101 175 152 175
0291711/074.jpg 12 44 62 154 153 95 108 155 104 128 144 101 168 156 165
0291711/070.jpg 12 68 85 116 116 117 114 152 118 154 137 122 165 146 167
0451321/020.jpg 31 66 51 128 128 108 112 154 100 122 135 122 166 161 157
0451321/018.jpg 31 61 70 125 125 98 104 151 101 131 144 100 165 141 163
0381043/018.jpg 19 51 51 128 128 94 115 143 101 118 142 111 167 152 156
0291711/061.jpg 12 44 62 154 153 96 106 154 105 128 144 96 164 153 163
0451321/008.jpg 31 51 66 128 128 100 97 157 111 126 146 88 159 134 169
0381043/020.jpg 19 51 66 128 128 91 112 141 106 112 143 101 170 145 164
0291711/093.jpg 12 44 62 154 153 94 106 150 107 111 144 99 171 145 172
0381043/027.jpg 19 81 76 124 124 117 103 161 112 128 141 107 161 143 168
0381043/021.jpg 19 51 66 128 128 94 111 146 103 121 144 106 166 153 159
0334106/002.jpg 27 66 78 107 107 101 108 147 106 129 140 107 162 144 160
0237849/008.jpg 26 44 44 154 154 95 100 155 100 112 145 101 166 157 166
0291711/022.jpg 12 51 66 128 128 94 106 152 103 120 144 101 166 153 163
0451321/012.jpg 31 44 62 154 153 90 101 150 108 116 142 88 169 137 175
0237849/011.jpg 26 44 62 154 153 92 104 156 99 127 149 103 171 156 166
0381043/008.jpg 19 44 44 154 154 94 106 150 99 123 135 105 164 154 158
0291711/031.jpg 12 44 44 154 154 93 105 151 102 115 143 96 162 156 160
0291711/030.jpg 12 44 62 154 153 94 109 152 106 124 142 100 171 152 169
0291711/097.jpg 12 44 62 154 153 98 103 155 109 127 140 96 166 147 170
0237849/004.jpg 26 51 66 128 128 108 92 156 123 107 139 81 142 127 171
0381043/023.jpg 19 66 78 107 107 98 108 151 106 126 140 104 165 150 163
0381043/011.jpg 19 51 66 128 128 95 106 151 102 119 139 103 163 154 160
0291711/048.jpg 12 69 78 122 122 94 115 142 102 108 142 112 173 148 164
0451321/011.jpg 31 51 66 128 128 91 114 139 104 110 145 107 171 150 163
0237849/010.jpg 26 44 62 154 153 94 109 154 105 124 147 103 171 153 168
0291711/033.jpg 12 44 62 154 153 91 117 157 104 125 129 106 174 161 164
0237849/012.jpg 26 51 66 128 128 88 115 144 102 114 142 104 177 152 168
0381043/004.jpg 19 44 62 154 153 102 105 152 110 125 137 100 166 143 170
0451321/025.jpg 31 66 78 107 107 98 110 147 106 128 135 108 162 144 159
0291711/072.jpg 12 44 62 154 153 95 106 155 106 125 143 92 163 155 164
0291711/042.jpg 12 44 62 154 153 94 109 152 103 128 143 100 168 156 163
0381043/015.jpg 19 44 62 154 153 92 110 148 106 118 144 99 171 152 167
0291711/012.jpg 12 51 66 128 128 101 107 151 104 136 145 106 167 145 165
0291711/064.jpg 12 51 66 128 128 95 110 148 100 135 138 110 168 154 159
0291711/029.jpg 12 51 66 128 128 104 105 154 111 136 145 95 159 143 164
0451321/021.jpg 31 44 62 154 153 93 106 153 105 122 137 99 170 149 169
0381043/026.jpg 19 66 66 128 128 109 107 156 110 143 137 110 166 150 169
0334106/013.jpg 27 44 62 154 153 93 105 155 105 121 143 99 175 149 175
0291711/092.jpg 12 66 66 128 128 106 109 149 103 146 140 104 163 151 157
0381043/028.jpg 19 51 66 128 128 96 113 147 107 119 147 108 166 151 161
0291711/026.jpg 12 66 66 128 128 97 106 155 105 125 142 100 164 153 163
0291711/011.jpg 12 44 62 154 153 94 110 153 106 118 140 102 176 149 173
0291711/068.jpg 12 44 62 154 153 93 106 152 104 124 144 97 166 150 165
0291711/069.jpg 12 51 66 128 128 93 109 142 106 108 144 100 163 146 161
0291711/014.jpg 12 51 66 128 128 94 109 148 99 126 135 111 168 151 160
0291711/023.jpg 12 44 62 154 153 96 107 155 106 123 144 99 167 154 166
0451321/019.jpg 31 44 62 154 153 93 106 151 105 127 138 101 170 149 169
0451321/024.jpg 31 44 62 154 153 95 105 152 101 124 141 103 168 153 165
0291711/054.jpg 12 66 78 107 107 101 102 150 105 131 136 100 160 142 162
0291711/091.jpg 12 66 66 128 128 101 110 152 109 132 140 103 162 152 160
0451321/013.jpg 31 57 68 132 132 93 116 140 92 132 127 121 167 156 148
0451321/016.jpg 31 44 62 154 153 101 96 156 112 128 126 92 159 135 170
0291711/036.jpg 12 66 66 128 128 90 108 151 95 129 139 104 168 160 156
0451321/017.jpg 31 44 62 154 153 94 107 151 102 123 141 103 171 153 166
0451321/006.jpg 31 51 66 128 128 94 110 149 100 123 145 111 170 156 162
0291711/060.jpg 12 44 44 154 154 100 114 149 108 117 139 105 175 142 171
0291711/046.jpg 12 44 62 154 153 96 103 156 104 126 138 100 170 151 170
0381043/010.jpg 19 51 66 128 128 95 113 146 105 122 145 107 166 152 159
0291711/079.jpg 12 66 66 128 128 94 112 151 99 131 139 106 168 163 155
0291711/008.jpg 12 51 66 128 128 91 100 149 101 119 142 96 161 142 162
0291711/100.jpg 12 66 78 107 107 97 105 149 104 122 136 102 163 147 162
0291711/085.jpg 12 51 66 128 128 93 107 150 104 131 140 104 171 148 168
0237849/009.jpg 26 51 66 128 128 88 115 144 102 114 142 104 177 152 168
0291711/045.jpg 12 44 62 154 153 97 106 154 102 128 143 100 161 157 157
0291711/058.jpg 12 44 62 154 153 94 106 154 110 120 147 93 167 147 171
0291711/017.jpg 12 44 62 154 153 93 105 153 103 124 148 94 162 154 161
0291711/016.jpg 12 66 66 128 128 94 112 150 99 133 136 105 167 162 154
0381043/009.jpg 19 66 66 128 128 92 111 148 99 128 138 105 167 158 155
0291711/065.jpg 12 51 66 128 128 94 109 137 104 97 144 103 173 139 171
0291711/090.jpg 12 44 62 154 153 96 102 155 107 127 147 93 164 145 168
0291711/015.jpg 12 66 66 128 128 92 109 149 94 128 143 113 167 160 155
0291711/094.jpg 12 44 62 154 153 92 106 149 103 122 142 98 168 148 166
0451321/003.jpg 31 51 66 128 128 91 107 145 95 112 114 102 161 148 152
0291711/024.jpg 12 65 92 91 91 97 111 136 105 128 134 107 166 136 160
0334106/003.jpg 27 66 66 128 128 97 112 153 99 141 145 107 169 159 158
0451321/007.jpg 31 57 59 141 141 100 120 136 94 117 143 131 170 162 150
0291711/001.jpg 12 75 81 107 107 104 100 143 112 107 131 96 153 127 163
0291711/075.jpg 12 44 62 154 153 95 107 153 108 121 146 99 166 149 167
0291711/099.jpg 12 44 62 154 153 99 106 154 106 124 144 97 159 157 159
0291711/080.jpg 12 51 66 128 128 95 100 148 105 110 141 97 163 137 168
0291711/077.jpg 12 44 62 154 153 93 102 153 101 113 141 94 161 156 161
0237849/002.jpg 26 51 66 128 128 95 110 148 106 114 139 103 169 144 167
0291711/078.jpg 12 67 77 127 127 101 117 138 109 106 152 118 169 151 164
0291711/052.jpg 12 66 80 128 128 98 113 154 107 130 140 108 175 155 171
0291711/019.jpg 12 44 62 154 153 95 108 154 104 128 145 100 166 156 162
0381043/002.jpg 19 51 66 128 128 97 111 146 105 120 141 108 164 150 159
0237849/007.jpg 26 70 66 111 111 118 108 148 102 154 134 122 157 147 151
0381043/024.jpg 19 62 69 134 134 94 111 145 103 118 145 108 166 153 159
0381043/025.jpg 19 66 66 128 128 93 112 146 100 121 139 107 171 154 161
0381043/031.jpg 19 51 66 128 128 108 111 155 116 144 142 107 171 147 174
0334106/011.jpg 27 44 62 154 153 106 99 163 116 132 150 91 161 141 175
0381043/030.jpg 19 44 62 154 153 97 110 148 106 117 142 105 170 152 166
0381043/007.jpg 19 51 66 128 128 98 108 147 106 118 140 105 161 148 159
0291711/095.jpg 12 58 72 130 130 100 98 154 110 111 135 93 160 135 170
0291711/002.jpg 12 44 44 154 154 96 106 146 103 101 139 98 172 136 171
0291711/005.jpg 12 51 66 128 128 99 100 154 109 129 145 92 162 138 170
0334106/009.jpg 27 66 78 107 107 97 107 150 105 125 143 103 168 149 166
0381043/029.jpg 19 44 62 154 153 94 109 149 107 126 144 100 170 147 167
0291711/010.jpg 12 66 66 128 128 105 107 155 109 141 145 106 167 145 167
0291711/057.jpg 12 44 62 154 153 94 107 152 105 127 143 98 168 150 167
0451321/023.jpg 31 66 66 128 128 114 102 157 112 150 138 113 166 145 172
0237849/001.jpg 26 44 62 154 153 95 98 160 109 119 148 90 163 143 173
0291711/020.jpg 12 51 66 128 128 96 108 148 104 138 145 97 168 145 165
0291711/084.jpg 12 44 62 154 153 95 105 155 107 126 144 98 171 149 172
0291711/053.jpg 12 66 66 128 128 96 105 154 106 124 140 93 160 154 162
0237849/006.jpg 26 44 62 154 153 95 105 156 103 130 140 102 169 153 166
0451321/002.jpg 31 78 78 107 107 104 109 152 112 123 136 103 160 145 163
0451321/001.jpg 31 51 66 128 128 94 104 135 105 99 135 97 161 134 162
0291711/007.jpg 12 44 62 154 153 90 105 146 105 96 147 95 182 138 184
0291711/041.jpg 12 44 62 154 153 96 108 151 102 134 136 108 168 155 162
0334106/005.jpg 27 44 62 154 153 93 110 152 103 128 145 99 164 158 157
0291711/088.jpg 12 51 66 128 128 93 108 150 108 126 140 101 172 144 171
0381043/006.jpg 19 66 66 128 128 116 105 162 120 146 138 106 160 146 172
0291711/004.jpg 12 51 66 128 128 96 104 153 104 126 144 99 166 149 166
0334106/008.jpg 27 44 62 154 153 96 106 152 105 128 144 104 171 149 169
0291711/098.jpg 12 44 62 154 153 94 109 150 105 124 147 100 170 153 165
0291711/047.jpg 12 66 78 107 107 101 120 139 108 113 135 114 162 145 154
0291711/082.jpg 12 44 44 154 154 94 113 151 105 111 138 101 177 146 171
0451321/015.jpg 31 44 44 154 154 102 97 156 112 125 138 87 152 141 166
0334106/006.jpg 27 44 62 154 153 93 110 152 103 128 145 99 164 158 157
0334106/007.jpg 27 66 66 128 128 94 114 149 99 134 133 113 170 161 157
0291711/081.jpg 12 44 62 154 153 91 106 152 99 124 144 99 164 157 158
0291711/073.jpg 12 66 66 128 128 117 110 151 105 156 134 123 161 155 156
2344269/002.jpg 21 51 66 128 128 85 112 137 97 110 139 107 167 151 155
2344269/019.jpg 21 44 62 154 153 96 109 154 103 131 139 108 172 156 166
2344269/028.jpg 21 66 66 128 128 103 98 152 114 108 137 90 151 136 167
2928020/015.jpg 23 83 79 112 112 114 111 150 107 122 146 122 164 151 160
2928020/006.jpg 23 68 75 116 116 92 107 147 105 122 144 100 166 144 161
2344269/012.jpg 21 44 62 154 153 93 111 148 108 109 136 96 176 142 174
2928020/008.jpg 23 66 63 148 148 94 100 160 100 132 133 109 177 155 177
2344269/010.jpg 21 44 62 154 153 91 104 158 100 127 145 96 165 159 162
2928020/014.jpg 23 44 62 154 153 92 103 155 102 125 148 100 172 149 171
2344269/029.jpg 21 66 66 128 128 103 94 156 105 132 135 89 145 145 156
2928020/010.jpg 23 51 66 128 128 92 106 151 104 120 144 95 161 153 159
2928020/013.jpg 23 44 62 154 153 88 103 156 103 121 153 95 172 149 172
2928020/002.jpg 23 51 66 128 128 92 99 153 103 118 139 93 165 142 168
2344269/025.jpg 21 51 66 128 128 96 106 151 103 119 139 103 166 150 164
2344269/013.jpg 21 66 66 128 128 106 111 153 115 143 144 103 168 145 172
2928020/017.jpg 23 44 62 154 153 96 102 158 109 126 147 88 156 150 164
2344269/021.jpg 21 72 63 139 139 118 104 163 111 123 139 105 164 141 169
2344269/016.jpg 21 170 167 56 56 184 186 204 185 190 193 184 206 200 205
2344269/011.jpg 21 44 44 154 154 91 105 145 104 112 142 97 164 145 164
2344269/022.jpg 21 51 66 128 128 91 114 136 108 101 138 100 168 137 164
2928020/009.jpg 23 44 62 154 153 92 104 152 107 119 145 91 159 150 162
2344269/003.jpg 21 66 63 144 144 108 104 151 88 132 137 124 165 158 153
2928020/012.jpg 23 51 66 128 128 92 99 153 102 120 138 95 163 142 165
2928020/003.jpg 23 44 62 154 153 95 105 153 108 121 145 96 165 146 168
2928020/004.jpg 23 66 66 128 128 109 111 159 110 152 132 125 172 161 171
2344269/006.jpg 21 69 73 121 121 98 113 138 103 105 140 106 165 146 158
2344269/027.jpg 21 66 78 107 107 119 102 153 126 130 143 94 149 118 167
2928020/016.jpg 23 66 78 107 107 93 103 152 103 119 144 99 161 150 162
2928020/001.jpg 23 51 66 128 128 96 104 152 104 133 147 98 168 144 168
2344269/024.jpg 21 44 62 154 153 93 104 156 104 125 145 93 161 157 161
2344269/007.jpg 21 51 66 128 128 86 108 147 98 120 147 98 162 156 153
2344269/023.jpg 21 66 66 128 128 88 118 142 101 117 148 104 167 159 151
2344269/018.jpg 21 51 66 128 128 88 114 129 110 97 146 99 164 136 161
2928020/005.jpg 23 44 44 154 154 95 105 153 97 109 139 104 180 151 175
2344269/026.jpg 21 76 68 130 130 116 109 151 115 116 143 108 166 139 173
2344269/005.jpg 21 51 66 128 128 92 103 152 106 122 143 93 160 147 163
2344269/001.jpg 21 51 66 128 128 86 111 135 106 102 149 101 165 145 162
2344269/014.jpg 21 44 62 154 153 90 105 154 101 127 147 97 167 152 164
2344269/015.jpg 21 66 66 128 128 91 110 150 98 126 149 102 164 164 153
0126284/133.jpg 18 44 44 154 154 93 107 150 106 114 145 99 169 149 168
0025483/049.jpg 7 66 66 128 128 101 107 155 109 132 146 106 167 144 169
0126284/163.jpg 18 51 66 128 128 101 109 149 111 138 143 106 170 142 171
0025483/063.jpg 7 44 44 154 154 98 99 155 102 116 132 97 159 144 163
0025483/062.jpg 7 44 44 154 154 96 102 150 108 109 142 96 165 141 170
0025483/055.jpg 7 66 66 128 128 101 103 154 104 135 140 102 163 146 164
0126284/121.jpg 18 44 44 154 154 95 101 154 102 127 144 96 164 147 165
0126284/203.jpg 18 66 66 107 107 99 104 147 97 118 135 110 158 149 151
0025483/021.jpg 7 51 66 128 128 97 99 142 111 97 133 88 153 124 164
0126284/161.jpg 18 51 66 128 128 89 116 134 104 103 146 109 165 153 155
0143604/021.jpg 29 44 62 154 153 92 104 154 101 125 143 102 169 150 167
0025483/114.jpg 7 51 66 128 128 93 112 147 104 114 145 108 171 148 166
0025483/118.jpg 7 44 62 154 153 93 109 149 101 130 139 105 170 153 163
0143604/038.jpg 29 66 66 128 128 94 120 140 97 118 147 123 169 165 149
0143604/039.jpg 29 44 62 154 153 93 104 153 104 107 149 99 166 162 167
0126284/046.jpg 18 44 44 154 154 92 105 151 102 118 145 101 168 151 166
0126284/041.jpg 18 44 62 154 153 93 110 149 109 116 146 99 167 149 167
0126284/047.jpg 18 44 62 154 153 92 108 152 106 121 143 101 171 148 170
0126284/190.jpg 18 66 66 128 128 103 108 152 110 144 136 113 172 148 174
0025483/025.jpg 7 44 62 154 153 96 107 155 108 121 150 101 167 150 169
0126284/162.jpg 18 44 62 154 153 91 108 152 102 120 149 100 166 158 161
0025483/003.jpg 7 51 66 128 128 88 117 142 101 117 148 110 172 157 158
0126284/039.jpg 18 44 44 154 154 95 107 152 106 118 141 101 174 146 174
0051930/032.jpg 0 44 62 154 153 95 103 153 104 123 142 97 163 149 164
0025483/083.jpg 7 44 44 154 154 99 105 154 107 128 141 102 167 147 168
0025483/012.jpg 7 51 66 128 128 91 111 147 105 118 143 100 167 153 161
0143604/018.jpg 29 66 66 128 128 113 108 158 110 150 144 108 163 149 164
0126284/022.jpg 18 44 62 154 153 94 102 155 107 124 144 92 166 146 170
0051930/007.jpg 0 44 44 154 154 97 100 150 101 108 143 102 166 152 167
0025483/102.jpg 7 66 66 128 128 92 117 142 98 119 141 115 170 160 155
0051930/006.jpg 0 51 66 128 128 110 90 162 118 120 142 81 150 127 173
0051930/027.jpg 0 51 66 128 128 93 103 150 104 112 148 98 165 149 167
0126284/045.jpg 18 44 62 154 153 95 103 156 109 122 144 89 160 149 167
0126284/017.jpg 18 66 66 128 128 93 116 141 99 118 143 115 172 154 159
0025483/033.jpg 7 66 66 128 128 103 104 157 113 131 145 98 164 141 171
0126284/037.jpg 18 44 44 154 154 92 105 148 101 117 139 103 171 148 168
0126284/099.jpg 18 44 44 154 154 107 105 149 109 150 137 113 172 146 173
0126284/051.jpg 18 44 44 154 154 93 110 148 101 110 143 107 174 150 169
0025483/115.jpg 7 51 66 128 128 92 121 141 101 115 145 115 172 160 156
0143604/034.jpg 29 44 44 154 154 90 104 146 102 106 141 96 162 153 161
0126284/200.jpg 18 44 62 154 153 89 106 151 100 123 139 102 170 152 165
0025483/058.jpg 7 51 66 128 128 102 98 157 114 123 145 85 151 140 166
0025483/050.jpg 7 51 66 128 128 93 113 136 106 99 139 100 169 140 165
0025483/035.jpg 7 44 44 154 154 96 104 153 106 116 139 100 166 145 168
0126284/207.jpg 18 44 62 154 153 93 104 154 107 121 144 95 169 144 172
0051930/023.jpg 0 44 62 154 153 97 104 157 107 127 138 95 167 154 170
0051930/024.jpg 0 51 66 128 128 95 101 150 100 114 143 100 160 154 159
0126284/082.jpg 18 51 66 128 128 94 108 152 108 116 146 101 167 148 167
0126284/033.jpg 18 44 44 154 154 92 105 151 105 114 145 98 168 149 168
0025483/097.jpg 7 44 44 154 154 97 104 153 96 121 135 113 172 153 167
0025483/123.jpg 7 44 62 154 153 96 98 158 107 122 142 93 165 143 172
0126284/132.jpg 18 44 62 154 153 93 108 154 109 118 144 94 165 152 167
0025483/080.jpg 7 44 62 154 153 96 104 155 108 125 146 93 162 149 166
0025483/052.jpg 7 66 66 128 128 105 108 154 106 140 143 102 160 149 158
0051930/013.jpg 0 51 66 128 128 95 103 147 101 107 140 101 164 150 163
0126284/213.jpg 18 44 44 154 154 97 108 154 106 137 143 103 171 151 168
0126284/212.jpg 18 51 66 128 128 101 99 155 111 113 140 92 165 132 174
0126284/120.jpg 18 44 62 154 153 95 104 154 105 125 143 99 167 149 167
0126284/167.jpg 18 44 62 154 153 93 106 151 106 118 149 98 162 154 162
0126284/153.jpg 18 44 62 154 153 93 108 154 109 118 144 94 165 152 167
0025483/116.jpg 7 66 66 128 128 103 108 153 110 134 146 100 161 145 163
0025483/112.jpg 7 44 62 154 153 94 103 155 108 124 147 94 170 143 174
0126284/170.jpg 18 44 62 154 153 95 103 151 103 126 141 103 171 144 170
0126284/080.jpg 18 51 66 128 128 95 110 128 110 92 144 99 166 127 168
0025483/051.jpg 7 51 66 128 128 92 102 151 101 123 140 100 166 144 166
0126284/198.jpg 18 51 66 128 128 102 104 150 112 138 142 90 160 139 167
0051930/003.jpg 0 66 66 107 107 97 107 145 97 116 140 111 161 154 153
0126284/199.jpg 18 44 62 154 153 97 102 154 113 118 142 92 168 137 176
0126284/108.jpg 18 44 62 154 153 93 102 154 107 117 143 93 163 146 168
0126284/040.jpg 18 33 33 185 185 91 95 159 97 121 141 95 166 152 168
0025483/127.jpg 7 66 78 107 107 102 109 144 105 112 141 113 163 144 161
0126284/013.jpg 18 44 62 154 153 96 109 151 114 140 144 92 176 146 179
0025483/068.jpg 7 66 66 128 128 102 107 155 110 131 144 105 165 144 168
0025483/071.jpg 7 44 62 154 153 94 104 154 106 122 144 97 167 148 168
0025483/036.jpg 7 44 44 154 154 93 105 151 109 112 148 95 165 147 170
0126284/143.jpg 18 44 62 154 153 91 101 154 98 121 145 102 170 153 167
0025483/088.jpg 7 54 78 107 107 94 119 117 115 96 151 105 171 126 169
0025483/094.jpg 7 44 44 154 154 94 105 151 103 115 143 102 168 152 166
0051930/009.jpg 0 66 66 128 128 92 107 150 95 126 139 107 167 161 156
0025483/009.jpg 7 51 66 128 128 97 102 144 112 102 138 92 157 133 166
0126284/019.jpg 18 44 62 154 153 95 110 152 105 122 136 105 173 148 170
0143604/016.jpg 29 44 62 154 153 92 110 152 100 128 144 103 166 160 156
0025483/001.jpg 7 51 66 128 128 108 100 155 110 139 145 90 155 136 164
0025483/108.jpg 7 44 44 154 154 97 110 150 100 121 133 113 173 153 166
0025483/085.jpg 7 51 66 128 128 102 107 151 108 138 145 99 165 142 165
0126284/205.jpg 18 44 44 154 154 95 98 149 106 108 138 93 164 136 170
0025483/005.jpg 7 44 62 154 153 92 111 152 102 124 149 108 173 155 166
0126284/060.jpg 18 44 62 154 153 91 103 156 102 123 146 97 168 152 167
0126284/127.jpg 18 51 66 128 128 98 105 149 110 112 137 96 168 135 172
0025483/110.jpg 7 44 62 154 153 93 106 153 106 121 146 98 170 148 170
0025483/053.jpg 7 44 62 154 153 94 106 153 107 121 144 95 164 150 166
0126284/206.jpg 18 44 62 154 153 95 102 156 103 120 144 99 166 152 168
0143604/022.jpg 29 44 62 154 153 95 106 156 104 131 148 92 160 153 158
0126284/105.jpg 18 44 62 154 153 92 106 153 108 123 146 95 170 146 171
0025483/027.jpg 7 44 62 154 153 99 103 154 109 125 143 97 163 140 168
0126284/195.jpg 18 44 44 154 154 94 97 156 97 121 141 102 164 152 164
0025483/026.jpg 7 66 66 128 128 92 114 144 98 123 143 113 166 159 153
0126284/220.jpg 18 44 44 154 154 93 103 151 103 114 144 99 168 147 169
0051930/015.jpg 0 51 66 128 128 97 99 142 108 100 138 93 151 138 161
0143604/020.jpg 29 66 66 128 128 91 115 144 95 123 140 111 166 166 147
0126284/088.jpg 18 65 60 138 138 96 95 162 98 123 134 99 169 154 171
0126284/068.jpg 18 51 66 128 128 98 104 153 105 133 138 102 165 150 165
0126284/005.jpg 18 51 66 128 128 92 114 144 100 119 133 112 169 149 159
0025483/086.jpg 7 44 62 154 153 92 109 150 103 124 142 106 175 149 170
0051930/004.jpg 0 51 66 128 128 97 99 145 105 107 138 96 150 144 156
0126284/079.jpg 18 66 78 107 107 109 104 151 115 118 125 97 154 127 162
0025483/054.jpg 7 44 62 154 153 94 110 153 106 124 147 103 173 150 170
0126284/014.jpg 18 51 66 128 128 94 104 148 103 112 142 99 161 152 160
0025483/006.jpg 7 51 66 128 128 102 98 157 116 115 146 88 153 138 169
0126284/069.jpg 18 44 62 154 153 94 107 155 109 124 149 98 172 148 174
0143604/041.jpg 29 44 62 154 153 100 97 154 109 113 137 94 159 136 169
0126284/155.jpg 18 44 62 154 153 92 108 153 98 132 146 100 169 160 160
0143604/009.jpg 29 44 44 154 154 95 110 152 98 140 141 105 166 158 155
0025483/065.jpg 7 51 66 128 128 95 107 149 104 117 141 104 167 146 166
0025483/045.jpg 7 44 62 154 153 93 108 152 102 129 144 105 171 151 166
0025483/130.jpg 7 44 62 154 153 94 108 151 107 118 145 99 172 146 171
0143604/030.jpg 29 44 62 154 153 94 110 152 103 131 144 99 166 158 159
0126284/115.jpg 18 44 62 154 153 97 106 153 109 130 133 99 166 147 169
0126284/087.jpg 18 44 62 154 153 94 103 155 111 118 146 90 163 145 170
0051930/008.jpg 0 51 66 128 128 98 101 149 101 107 138 101 168 140 170
0025483/069.jpg 7 66 80 128 128 102 104 156 112 119 143 99 162 143 170
0051930/026.jpg 0 44 44 154 154 90 107 143 98 111 144 105 165 156 157
0126284/018.jpg 18 66 78 107 107 98 106 153 108 118 141 100 159 147 162
0126284/221.jpg 18 44 62 154 153 93 104 154 104 118 147 100 169 151 169
0126284/095.jpg 18 44 62 154 153 94 107 151 106 120 135 98 170 147 169
0051930/030.jpg 0 51 66 128 128 96 101 148 100 109 140 101 163 148 164
0051930/031.jpg 0 44 62 154 153 101 99 156 111 119 140 90 155 143 167
0126284/137.jpg 18 44 44 154 154 95 105 152 107 115 145 99 160 155 161
0126284/094.jpg 18 44 62 154 153 93 102 155 100 125 139 102 169 150 168
0126284/218.jpg 18 44 44 154 154 96 104 151 107 110 145 99 166 148 170
0126284/020.jpg 18 76 74 132 132 108 108 152 113 109 143 103 171 138 176
0126284/201.jpg 18 63 68 135 135 99 106 149 99 142 132 118 170 153 164
0025483/091.jpg 7 44 62 154 153 98 101 157 110 118 137 90 159 147 168
0025483/059.jpg 7 66 78 107 107 101 104 152 109 129 141 100 164 140 167
0126284/036.jpg 18 44 62 154 153 93 107 152 103 126 137 104 170 150 167
0025483/023.jpg 7 44 62 154 153 97 107 155 106 131 147 99 165 150 164
0025483/014.jpg 7 66 66 128 128 101 111 152 104 140 146 111 171 152 165
0126284/188.jpg 18 44 62 154 153 91 100 151 110 116 141 83 158 140 168
0051930/018.jpg 0 51 66 128 128 96 90 150 100 104 134 92 151 141 162
0126284/164.jpg 18 44 62 154 153 97 103 155 110 123 143 95 170 140 175
0025483/074.jpg 7 60 81 137 137 99 117 141 123 96 151 90 173 128 179
0025483/048.jpg 7 51 66 128 128 99 110 147 106 116 138 108 175 140 174
0126284/193.jpg 18 44 62 154 153 95 110 150 108 116 146 101 166 154 164
0051930/033.jpg 0 51 66 128 128 91 98 149 95 119 120 98 158 152 157
0025483/103.jpg 7 44 62 154 153 93 104 154 108 124 145 97 173 142 175
0051930/001.jpg 0 66 66 128 128 88 114 144 89 128 134 115 171 167 150
0126284/186.jpg 18 51 66 128 128 97 97 150 101 108 136 97 161 141 165
0126284/023.jpg 18 44 62 154 153 92 106 154 107 121 145 97 170 148 170
0126284/070.jpg 18 44 62 154 153 94 100 155 102 125 142 96 167 146 169
0025483/019.jpg 7 51 66 128 128 93 108 136 109 95 143 96 162 139 165
0126284/091.jpg 18 44 62 154 153 91 107 153 102 125 146 94 163 160 158
0051930/014.jpg 0 66 66 128 128 89 114 145 89 129 135 117 171 168 150
0126284/156.jpg 18 44 62 154 153 92 108 152 103 129 147 92 165 154 161
0126284/004.jpg 18 44 62 154 153 92 108 152 105 122 143 99 170 150 168
0143604/004.jpg 29 44 44 154 154 105 100 157 114 137 145 85 156 137 169
0025483/109.jpg 7 51 66 128 128 93 107 141 111 103 143 95 159 138 163
0126284/178.jpg 18 44 62 154 153 92 105 153 105 121 138 97 168 148 168
0051930/005.jpg 0 44 62 154 153 86 107 144 98 109 139 99 172 152 166
0051930/002.jpg 0 66 80 128 128 99 100 154 107 111 139 95 162 143 170
0126284/015.jpg 18 44 62 154 153 92 102 158 100 127 147 99 168 154 166
0025483/135.jpg 7 44 62 154 153 94 105 156 107 122 146 97 169 149 170
0126284/012.jpg 18 44 62 154 153 97 107 154 108 129 146 101 168 147 169
0126284/154.jpg 18 44 62 154 153 90 103 154 104 121 149 94 167 147 168
0025483/004.jpg 7 44 62 154 153 96 108 152 107 123 144 101 166 150 165
0126284/168.jpg 18 66 66 128 128 99 101 159 104 127 133 109 171 146 173
0025483/031.jpg 7 66 66 128 128 97 100 155 102 124 143 103 164 146 165
0025483/132.jpg 7 44 62 154 153 95 105 155 108 122 145 95 167 149 170
0126284/215.jpg 18 51 66 128 128 94 108 149 106 118 142 103 168 144 168
0126284/172.jpg 18 44 62 154 153 93 102 156 101 125 143 100 170 152 170
0126284/173.jpg 18 44 44 154 154 93 107 148 110 107 140 94 172 136 175
0025483/092.jpg 7 44 62 154 153 95 103 151 110 130 148 84 168 138 173
0126284/065.jpg 18 44 62 154 153 94 100 154 103 116 144 97 163 148 166
0126284/107.jpg 18 44 62 154 153 96 100 153 106 116 141 95 165 139 170
0025483/093.jpg 7 66 66 128 128 98 108 154 107 135 144 99 165 150 164
0143604/026.jpg 29 51 66 128 128 102 100 156 114 128 148 82 150 140 164
0126284/219.jpg 18 44 62 154 153 94 103 153 110 114 138 90 167 139 173
0143604/024.jpg 29 44 62 154 153 95 107 156 102 132 149 96 162 156 157
0143604/032.jpg 29 66 66 128 128 93 116 139 99 114 150 117 167 162 153
0126284/073.jpg 18 66 66 128 128 122 110 153 119 151 146 110 167 136 172
0025483/057.jpg 7 44 62 154 153 92 109 152 105 126 147 100 172 151 168
0126284/171.jpg 18 44 62 154 153 95 104 155 108 124 140 97 172 144 175
0126284/126.jpg 18 66 78 107 107 101 111 145 105 124 136 112 160 147 155
0126284/026.jpg 18 51 66 128 128 100 108 148 107 134 137 110 172 147 171
0025483/089.jpg 7 66 66 128 128 101 109 147 104 138 133 116 166 148 162
0126284/074.jpg 18 44 62 154 153 95 110 150 106 120 144 106 172 149 168
0025483/090.jpg 7 44 62 154 153 96 105 154 107 122 146 99 164 151 166
0025483/106.jpg 7 51 66 128 128 92 117 142 103 111 148 113 173 153 162
0126284/183.jpg 18 44 44 154 154 94 105 153 107 117 145 98 167 148 168
0143604/033.jpg 29 66 66 128 128 100 111 149 94 148 133 113 164 161 149
0126284/165.jpg 18 44 62 154 153 89 98 154 98 120 139 94 166 149 166
0126284/067.jpg 18 44 62 154 153 92 108 156 107 124 144 97 170 154 169
0126284/192.jpg 18 44 62 154 153 92 106 151 104 122 145 95 166 151 164
0143604/001.jpg 29 44 62 154 153 92 105 153 106 123 145 92 165 149 166
0025483/078.jpg 7 44 62 154 153 97 106 155 108 126 146 98 164 148 166
0126284/089.jpg 18 44 62 154 153 91 106 151 104 127 142 92 166 150 164
0025483/113.jpg 7 44 44 154 154 92 112 148 101 116 149 111 173 157 165
0025483/124.jpg 7 44 62 154 153 98 106 155 109 122 145 101 167 149 170
0126284/130.jpg 18 44 62 154 153 94 104 154 104 121 145 101 167 149 167
0126284/204.jpg 18 44 44 154 154 92 105 150 103 118 144 100 165 149 164
0126284/052.jpg 18 44 44 154 154 95 104 150 104 111 144 101 167 149 168
0126284/187.jpg 18 51 66 128 128 98 98 152 106 114 135 94 165 134 171
0126284/180.jpg 18 44 62 154 153 97 104 154 106 128 146 103 172 143 174
0126284/043.jpg 18 44 62 154 153 91 111 155 108 122 128 99 172 151 171
0126284/158.jpg 18 66 66 128 128 92 112 145 91 133 135 119 169 163 151
0143604/005.jpg 29 51 66 128 128 104 98 159 116 126 145 84 151 141 168
0025483/039.jpg 7 44 44 154 154 92 106 150 104 110 137 98 167 151 167
0126284/085.jpg 18 44 62 154 153 93 107 153 107 122 145 94 161 153 161
0143604/036.jpg 29 62 71 116 116 89 101 141 97 115 136 92 147 147 144
0025483/008.jpg 7 51 66 128 128 93 102 147 106 107 144 96 165 137 169
0025483/067.jpg 7 66 66 128 128 92 110 150 96 131 142 107 164 159 151
0025483/060.jpg 7 51 66 128 128 100 103 154 106 134 146 98 164 142 167
0025483/066.jpg 7 44 62 154 153 98 106 155 109 122 145 101 167 149 170
0025483/002.jpg 7 44 62 154 153 95 107 153 105 129 146 101 169 149 166
0025483/030.jpg 7 58 62 143 143 111 101 159 120 134 150 85 154 137 169
0025483/133.jpg 7 66 66 128 128 92 115 147 97 132 142 114 170 160 156
0126284/064.jpg 18 44 62 154 153 94 107 153 108 120 145 98 167 150 169
0126284/125.jpg 18 51 66 128 128 96 107 152 108 116 142 103 166 143 167
0143604/008.jpg 29 51 66 128 128 89 99 141 107 99 136 84 153 137 161
0126284/174.jpg 18 66 78 107 107 97 104 148 105 112 141 102 161 145 163
0025483/043.jpg 7 44 62 154 153 93 105 155 105 124 143 95 164 153 165
0126284/138.jpg 18 44 62 154 153 96 107 153 107 132 142 96 169 149 169
0143604/006.jpg 29 44 62 154 153 93 107 152 106 121 145 94 160 154 160
0143604/010.jpg 29 51 66 128 128 90 114 140 100 108 143 107 167 156 156
0025483/064.jpg 7 44 44 154 154 98 107 150 93 144 137 109 165 153 153
0051930/010.jpg 0 44 62 154 153 96 104 157 106 126 137 95 167 154 170
0025483/084.jpg 7 44 62 154 153 96 107 153 103 132 142 104 170 151 166
0126284/076.jpg 18 44 62 154 153 98 107 154 108 130 146 100 166 146 167
0025483/056.jpg 7 51 66 128 128 100 108 149 113 105 138 97 164 141 170
0126284/075.jpg 18 66 66 128 128 112 112 154 116 148 146 106 166 147 169
0126284/140.jpg 18 44 62 154 153 96 106 155 110 139 134 105 174 151 176
0025483/137.jpg 7 66 80 128 128 100 109 156 110 130 147 105 170 148 171
0143604/017.jpg 29 51 80 128 128 94 112 152 107 128 150 98 163 152 159
0126284/149.jpg 18 44 62 154 153 90 104 153 99 122 146 100 167 154 163
0126284/148.jpg 18 44 62 154 153 96 98 158 104 119 140 92 160 149 167
0126284/057.jpg 18 66 66 128 128 109 110 152 113 146 141 104 163 146 165
0126284/116.jpg 18 44 44 154 154 94 104 152 103 134 143 97 169 147 168
0126284/063.jpg 18 44 44 154 154 94 106 152 102 116 140 104 172 151 169
0143604/031.jpg 29 66 66 128 128 92 120 139 91 128 143 125 167 169 141
0143604/028.jpg 29 66 66 128 128 93 119 146 94 126 137 117 169 171 146
0025483/015.jpg 7 44 62 154 153 94 106 154 105 124 149 99 168 148 168
0025483/136.jpg 7 51 66 128 128 98 101 154 109 125 140 95 163 139 169
0025483/076.jpg 7 44 44 154 154 96 106 149 103 104 139 100 175 140 174
0126284/103.jpg 18 66 66 128 128 109 104 155 114 142 139 104 167 140 174
0025483/098.jpg 7 66 78 107 107 94 113 148 105 126 142 110 171 148 166
0025483/072.jpg 7 51 66 128 128 89 121 133 105 103 146 111 176 145 165
0126284/055.jpg 18 44 62 154 153 88 110 147 103 121 145 101 171 151 164
0025483/099.jpg 7 51 66 128 128 100 103 139 114 89 131 88 159 117 169
0025483/018.jpg 7 44 62 154 153 93 107 153 105 125 146 99 169 150 168
0126284/134.jpg 18 51 66 128 128 97 99 152 99 116 138 103 164 149 164
0025483/134.jpg 7 44 62 154 153 93 106 153 106 121 146 97 166 149 167
0126284/112.jpg 18 44 44 154 154 95 105 152 102 108 140 100 175 144 174
0051930/019.jpg 0 51 66 128 128 95 100 152 103 112 144 95 156 154 160
0126284/009.jpg 18 44 62 154 153 91 108 152 97 133 146 99 168 159 159
0025483/016.jpg 7 44 44 154 154 105 105 150 106 146 142 103 175 139 174
0025483/095.jpg 7 66 66 128 128 110 107 157 110 140 142 111 166 144 167
0126284/100.jpg 18 51 66 128 128 96 105 148 108 111 140 99 167 137 170
0126284/056.jpg 18 27 62 153 153 80 110 141 106 107 145 85 170 149 166
0126284/131.jpg 18 51 66 128 128 91 107 151 101 119 148 100 162 159 156
0025483/061.jpg 7 44 44 154 154 100 108 145 95 146 133 119 171 154 160
0143604/003.jpg 29 66 66 128 128 112 104 155 112 146 146 100 164 138 168
0143604/037.jpg 29 44 44 154 154 90 108 147 96 114 146 106 165 165 154
0126284/217.jpg 18 44 62 154 153 91 105 153 105 120 139 96 169 147 169
0025483/079.jpg 7 44 44 154 154 95 102 152 104 113 144 99 165 147 167
0126284/210.jpg 18 66 66 128 128 107 105 153 109 146 141 108 167 144 169
0126284/196.jpg 18 44 44 154 154 94 107 151 103 117 143 104 169 151 166
0126284/049.jpg 18 44 62 154 153 92 107 153 104 120 146 98 164 156 162
0126284/072.jpg 18 44 62 154 153 96 95 159 106 122 147 89 162 142 171
0126284/123.jpg 18 51 66 128 128 95 106 150 104 129 135 102 167 149 165
0126284/058.jpg 18 51 66 128 128 94 113 131 105 99 147 111 172 140 167
0143604/013.jpg 29 44 44 154 154 89 114 143 98 113 148 110 169 164 155
0025483/101.jpg 7 66 66 128 128 103 106 154 111 135 145 103 164 143 167
0025483/022.jpg 7 51 66 128 128 99 109 150 107 135 142 103 168 145 166
0126284/119.jpg 18 44 44 154 154 101 103 152 100 145 133 115 170 153 167
0025483/107.jpg 7 44 62 154 153 95 109 152 106 129 145 99 166 151 163
0126284/182.jpg 18 66 66 128 128 92 108 149 95 123 142 110 163 161 151
0126284/145.jpg 18 44 62 154 153 93 108 152 106 121 143 94 163 154 161
0126284/214.jpg 18 66 66 128 128 103 108 142 108 139 132 113 166 141 164
0025483/105.jpg 7 66 78 107 107 109 107 150 115 137 144 99 157 136 164
0126284/147.jpg 18 44 62 154 153 93 109 154 107 126 140 103 174 150 173
0126284/054.jpg 18 44 62 154 153 94 106 154 106 118 146 99 170 149 171
0143604/011.jpg 29 44 44 154 154 92 110 147 96 115 143 113 168 162 157
0025483/011.jpg 7 44 62 154 153 96 104 153 108 116 142 97 164 143 169
0025483/034.jpg 7 44 44 154 154 95 102 155 103 114 146 100 162 157 164
0025483/029.jpg 7 44 62 154 153 94 107 151 108 121 143 97 167 145 168
0126284/179.jpg 18 51 66 128 128 92 110 139 106 103 147 104 161 151 158
0025483/096.jpg 7 66 66 128 128 98 103 154 105 130 140 103 169 144 171
0025483/007.jpg 7 51 66 128 128 95 107 146 109 101 137 92 165 139 169
0126284/144.jpg 18 44 62 154 153 90 105 155 105 124 149 96 176 148 176
0126284/053.jpg 18 44 62 154 153 94 99 160 103 124 148 93 162 154 165
0051930/012.jpg 0 66 66 128 128 104 90 161 99 117 135 99 156 144 164
0025483/038.jpg 7 59 60 130 130 112 101 152 117 135 148 97 155 134 165
0126284/202.jpg 18 44 62 154 153 90 105 153 103 122 147 97 171 149 170
0126284/044.jpg 18 44 62 154 153 93 105 155 103 123 147 102 170 153 168
0126284/002.jpg 18 51 66 128 128 97 108 141 108 106 139 100 167 133 168
0051930/028.jpg 0 44 62 154 153 93 96 156 99 123 132 98 168 146 170
0025483/037.jpg 7 44 62 154 153 94 105 154 107 118 145 96 165 151 168
0126284/124.jpg 18 44 44 154 154 94 108 147 97 118 137 111 173 154 165
0051930/021.jpg 0 44 44 154 154 94 103 149 97 110 136 101 166 154 161
0126284/024.jpg 18 66 66 128 128 107 106 156 111 140 142 105 163 147 167
0143604/040.jpg 29 51 66 128 128 91 114 143 104 111 144 101 167 156 158
0051930/020.jpg 0 51 66 128 128 90 94 152 96 118 138 94 163 142 165
0126284/038.jpg 18 44 44 154 154 96 114 146 96 118 139 120 179 157 165
0025483/013.jpg 7 44 62 154 153 95 108 154 106 125 140 100 168 154 166
0025483/104.jpg 7 51 66 128 128 100 99 155 112 117 140 91 159 136 170
0126284/031.jpg 18 44 62 154 153 94 106 153 108 121 147 99 170 145 171
0126284/030.jpg 18 44 62 154 153 101 106 150 109 147 145 102 179 143 180
0051930/017.jpg 0 66 78 107 107 98 102 151 100 129 135 100 157 154 155
0025483/119.jpg 7 51 66 128 128 98 109 146 111 111 139 100 161 142 162
0025483/010.jpg 7 51 66 128 128 94 104 146 108 108 147 101 165 141 168
0126284/160.jpg 18 51 66 128 128 92 110 145 106 108 147 101 168 148 166
0025483/128.jpg 7 44 44 154 154 105 108 147 102 153 133 116 169 154 162
0025483/131.jpg 7 44 62 154 153 97 101 156 104 122 144 102 168 145 171
0126284/007.jpg 18 44 44 154 154 103 103 146 103 146 133 115 169 146 167
0025483/117.jpg 7 51 66 128 128 96 98 150 109 107 132 88 161 128 171
0126284/025.jpg 18 44 62 154 153 94 108 154 108 124 146 99 170 149 170
0126284/048.jpg 18 44 62 154 153 94 104 154 109 125 147 94 169 143 173
0025483/041.jpg 7 44 44 154 154 91 106 150 105 115 148 100 171 149 169
0025483/046.jpg 7 66 66 128 128 104 103 154 114 132 133 99 158 140 166
0126284/209.jpg 18 44 62 154 153 92 104 154 102 122 145 95 162 158 160
0025483/040.jpg 7 44 62 154 153 93 107 152 106 123 145 100 171 148 170
0126284/042.jpg 18 44 62 154 153 91 106 154 102 124 147 95 163 158 160
0126284/066.jpg 18 44 62 154 153 92 108 155 107 124 143 97 169 154 168
0126284/118.jpg 18 51 66 128 128 93 110 146 105 113 146 104 173 147 170
0126284/139.jpg 18 44 62 154 153 96 100 159 111 120 150 90 159 145 169
0126284/110.jpg 18 44 62 154 153 91 111 153 102 127 145 106 175 158 167
0126284/111.jpg 18 44 62 154 153 92 108 153 106 124 147 99 169 150 167
0143604/007.jpg 29 44 62 154 153 95 104 158 105 118 148 97 164 161 166
0143604/023.jpg 29 44 62 154 153 97 102 155 109 122 147 89 154 149 162
0126284/117.jpg 18 44 62 154 153 94 107 156 105 130 148 100 172 153 171
0126284/077.jpg 18 51 66 128 128 93 107 143 105 103 136 97 168 136 168
0126284/029.jpg 18 66 66 128 128 94 114 149 99 132 140 107 167 162 152
0143604/025.jpg 29 44 62 154 153 93 106 153 102 120 147 102 162 160 157
0126284/010.jpg 18 44 62 154 153 92 107 153 104 121 146 97 163 157 160
0143604/027.jpg 29 66 66 128 128 93 110 151 98 124 148 106 164 168 152
0126284/078.jpg 18 51 66 128 128 97 106 154 110 125 146 98 165 144 168
0025483/042.jpg 7 44 44 154 154 97 103 154 105 130 141 94 162 146 164
0126284/141.jpg 18 51 66 128 128 98 111 132 109 96 131 95 164 120 164
0126284/135.jpg 18 44 62 154 153 92 107 153 105 122 145 99 171 150 170
0126284/159.jpg 18 66 66 128 128 98 104 153 107 129 142 100 160 144 163
0126284/194.jpg 18 66 66 128 128 97 107 154 103 129 142 105 162 153 159
0126284/176.jpg 18 51 66 128 128 91 112 141 100 108 143 106 169 154 159
0051930/025.jpg 0 44 44 154 154 103 101 154 100 138 139 109 171 146 169
0126284/071.jpg 18 51 66 128 128 93 101 141 109 99 143 92 156 139 165
0126284/166.jpg 18 44 62 154 153 94 104 157 102 122 148 104 172 155 171
0143604/029.jpg 29 51 66 128 128 99 101 152 110 131 143 91 161 137 167
0126284/028.jpg 18 44 44 154 154 99 107 149 108 109 148 110 170 150 172
0126284/035.jpg 18 44 62 154 153 93 98 156 99 123 143 98 166 150 167
0025483/087.jpg 7 44 62 154 153 95 105 154 108 122 146 94 163 148 166
0025483/017.jpg 7 44 62 154 153 96 104 154 106 127 146 93 161 148 163
0126284/151.jpg 18 51 66 128 128 90 105 137 103 97 143 98 166 139 166
0126284/191.jpg 18 66 66 128 128 99 105 153 108 135 143 93 164 146 167
0025483/024.jpg 7 44 62 154 153 95 105 153 106 122 143 100 166 148 166
0143604/002.jpg 29 66 66 128 128 88 111 145 85 124 139 113 166 171 141
0126284/097.jpg 18 44 44 154 154 99 106 152 105 138 141 102 165 147 163
0025483/082.jpg 7 44 62 154 153 95 105 153 106 127 144 95 165 148 166
0126284/061.jpg 18 44 62 154 153 95 107 153 108 120 139 99 171 146 171
0126284/152.jpg 18 51 66 128 128 92 102 153 104 120 144 94 163 146 165
0025483/111.jpg 7 44 62 154 153 91 109 149 101 128 138 108 174 152 167
0126284/093.jpg 18 51 66 128 128 90 109 146 103 114 148 99 162 157 156
0126284/062.jpg 18 51 66 128 128 94 101 150 102 126 128 102 165 141 166
0126284/114.jpg 18 44 62 154 153 94 107 153 110 123 149 94 168 143 171
0143604/035.jpg 29 44 62 154 153 93 104 154 106 118 148 95 161 157 162
0143604/019.jpg 29 51 66 128 128 94 111 141 98 111 138 110 163 158 151
0143604/015.jpg 29 44 44 154 154 92 105 151 101 114 147 100 163 161 158
0051930/011.jpg 0 44 44 154 154 100 95 157 108 130 144 84 156 140 168
0126284/109.jpg 18 44 44 154 154 96 100 150 98 113 137 103 163 148 162
0126284/006.jpg 18 44 62 154 153 94 103 155 107 118 144 92 160 150 165
0126284/081.jpg 18 44 44 154 154 92 104 147 103 107 143 100 165 149 165
0126284/001.jpg 18 44 62 154 153 93 108 154 107 122 147 100 174 148 173
0025483/120.jpg 7 44 62 154 153 96 107 154 103 132 143 99 164 154 161
0025483/070.jpg 7 44 62 154 153 95 106 153 108 122 145 101 170 146 171
0025483/121.jpg 7 51 66 128 128 91 111 147 105 118 143 100 167 153 161
0126284/136.jpg 18 44 62 154 153 93 109 153 104 123 145 102 170 154 167
0025483/126.jpg 7 44 44 154 154 96 106 155 104 132 145 103 169 149 166
0025483/047.jpg 7 51 66 128 128 92 107 151 103 124 144 102 167 149 164
0126284/050.jpg 18 66 66 128 128 107 109 150 108 146 138 118 174 149 172
0126284/104.jpg 18 66 66 128 128 109 107 151 108 150 134 115 164 150 164
0025483/129.jpg 7 44 62 154 153 94 107 152 106 124 145 100 171 148 170
0051930/022.jpg 0 44 62 154 153 93 101 153 98 124 140 102 168 152 166
0025483/122.jpg 7 44 62 154 153 95 103 157 104 127 147 97 164 152 166
0126284/032.jpg 18 44 62 154 153 93 107 153 108 120 147 97 169 148 170
0025483/028.jpg 7 51 66 128 128 100 104 154 110 128 146 97 164 141 169
0143604/014.jpg 29 51 66 128 128 93 112 142 102 109 141 106 164 154 156
0768620/002.jpg 30 66 78 107 107 97 100 141 106 113 130 91 148 131 155
0768620/001.jpg 30 66 66 128 128 104 110 151 100 142 130 120 165 159 156
0768620/019.jpg 30 44 62 154 153 92 107 151 103 123 144 100 170 151 167
0768620/008.jpg 30 44 62 154 153 95 106 151 108 119 141 96 168 144 170
0768620/017.jpg 30 66 66 128 128 94 112 147 101 123 145 111 169 157 160
0768620/007.jpg 30 51 66 128 128 95 109 126 112 94 143 98 163 124 166
0768620/009.jpg 30 51 66 128 128 94 113 143 101 121 143 110 169 152 160
0768620/012.jpg 30 44 62 154 153 95 107 151 104 129 143 101 171 150 168
0768620/005.jpg 30 44 62 154 153 94 110 150 102 125 143 107 172 153 166
0768620/013.jpg 30 44 62 154 153 93 106 150 106 113 135 94 168 146 169
0768620/006.jpg 30 44 62 154 153 94 111 151 104 126 136 102 167 157 161
0768620/011.jpg 30 51 66 128 128 94 111 134 108 98 140 99 166 132 165
0768620/004.jpg 30 44 62 154 153 95 106 151 102 125 144 103 168 151 165
0768620/018.jpg 30 51 49 150 150 96 106 152 88 139 138 117 167 162 153
0768620/010.jpg 30 44 62 154 153 97 110 151 98 134 141 114 173 157 163
0768620/016.jpg 30 66 80 128 128 97 111 150 101 132 134 112 172 155 164
0830317/020.jpg 28 44 62 154 153 94 107 153 103 122 141 102 167 153 164
0830317/005.jpg 28 44 62 154 153 94 107 152 107 125 141 97 165 151 165
0830317/010.jpg 28 62 70 128 128 97 109 138 103 104 128 99 168 130 165
0830317/004.jpg 28 44 62 154 153 95 109 155 104 128 139 105 172 158 167
0830317/016.jpg 28 44 62 154 153 92 109 151 103 124 137 105 168 152 162
0830317/014.jpg 28 44 62 154 153 94 104 154 104 124 137 95 160 152 161
0830317/019.jpg 28 44 62 154 153 94 110 151 106 122 145 103 171 151 168
0830317/009.jpg 28 51 66 128 128 94 116 138 115 100 143 97 171 131 172
0830317/024.jpg 28 44 62 154 153 94 106 153 105 124 136 97 165 153 165
0830317/001.jpg 28 44 44 154 154 98 103 153 102 130 137 101 159 149 158
0830317/027.jpg 28 51 66 128 128 94 107 152 102 129 138 104 165 156 160
0830317/029.jpg 28 44 62 154 153 91 104 150 104 116 139 92 158 152 159
0830317/002.jpg 28 66 80 128 128 97 109 150 105 123 135 101 161 149 157
0830317/018.jpg 28 66 66 107 107 107 106 149 108 135 134 110 153 142 155
0830317/011.jpg 28 66 78 107 107 99 113 149 105 133 140 115 168 151 161
0830317/013.jpg 28 51 66 128 128 94 108 151 104 126 140 102 165 150 162
0830317/008.jpg 28 66 80 128 128 95 111 149 102 128 140 114 171 154 164
0830317/012.jpg 28 44 44 154 154 98 107 149 103 112 136 103 167 145 165
0830317/022.jpg 28 44 62 154 153 95 108 153 106 127 140 103 170 151 168
0830317/028.jpg 28 66 90 107 107 100 101 151 102 126 130 107 163 144 164
0830317/003.jpg 28 66 80 128 128 97 111 150 103 123 138 110 166 153 161
0830317/017.jpg 28 51 66 128 128 93 111 144 107 110 141 101 168 144 165
0830317/023.jpg 28 66 66 128 128 110 109 160 110 145 130 115 158 153 157
0830317/015.jpg 28 44 62 154 153 95 107 151 105 128 139 106 170 148 168
0830317/007.jpg 28 66 66 128 128 96 108 156 107 124 134 100 165 151 164
0830317/021.jpg 28 44 62 154 153 96 105 154 109 127 141 96 164 149 168
0883195/023.jpg 22 51 66 128 128 97 101 153 106 123 147 95 163 143 167
0883195/017.jpg 22 44 44 154 154 98 102 154 108 131 141 95 166 142 171
0883195/047.jpg 22 44 62 154 153 96 105 151 105 130 139 102 169 147 167
0883195/029.jpg 22 66 66 128 128 104 112 152 104 143 137 121 173 156 166
0883195/024.jpg 22 66 66 128 128 120 108 162 117 146 153 104 164 140 170
0883195/038.jpg 22 51 66 128 128 96 101 154 107 124 143 92 161 141 166
0883195/001.jpg 22 41 65 144 144 93 109 144 101 120 142 105 169 144 161
0883195/008.jpg 22 44 62 154 153 95 106 153 106 127 142 94 164 152 165
0883195/042.jpg 22 51 66 128 128 105 90 158 121 107 142 78 146 121 172
0883195/030.jpg 22 51 66 128 128 105 93 159 118 122 144 80 145 131 168
0883195/032.jpg 22 44 62 154 153 92 96 152 93 129 135 94 169 150 166
0883195/016.jpg 22 44 62 154 153 96 102 153 106 120 143 98 169 143 172
0883195/045.jpg 22 51 66 128 128 98 105 139 106 106 138 102 168 132 169
0883195/033.jpg 22 66 66 128 128 97 102 153 102 124 143 102 161 148 162
0883195/015.jpg 22 66 66 128 128 91 120 138 94 120 148 125 175 165 156
0883195/011.jpg 22 44 62 154 153 101 106 154 102 141 135 106 167 153 163
0883195/031.jpg 22 51 66 128 128 102 107 150 109 136 139 97 158 146 159
0883195/037.jpg 22 44 62 154 153 90 105 150 104 120 144 97 172 145 172
0883195/025.jpg 22 44 62 154 153 96 109 151 108 127 139 96 165 150 164
0883195/013.jpg 22 44 62 154 153 93 105 154 102 128 143 99 168 154 166
0883195/007.jpg 22 51 66 128 128 95 106 144 107 108 134 95 162 137 163
0883195/004.jpg 22 54 62 148 148 104 94 166 108 133 144 91 164 149 176
0883195/026.jpg 22 44 62 154 153 94 106 153 105 127 144 93 166 153 165
0883195/043.jpg 22 66 66 128 128 97 103 155 106 128 143 95 162 149 165
0883195/009.jpg 22 66 66 128 128 106 104 155 114 137 136 101 164 142 172
0883195/010.jpg 22 44 62 154 153 100 100 155 101 124 139 103 165 150 166
0883195/027.jpg 22 66 78 107 107 97 105 152 102 131 139 102 165 150 162
0883195/040.jpg 22 44 62 154 153 93 105 148 102 125 150 98 177 139 174
0883195/036.jpg 22 44 62 154 153 92 108 150 103 124 146 97 165 155 161
0883195/022.jpg 22 51 66 128 128 106 107 154 107 140 142 105 165 148 166
0883195/041.jpg 22 44 62 154 153 97 105 156 105 130 145 102 171 151 171
0883195/019.jpg 22 66 66 128 128 90 109 147 94 125 145 111 171 158 159
0883195/012.jpg 22 66 78 107 107 96 105 149 102 123 142 103 165 147 163
0883195/005.jpg 22 44 44 154 154 92 104 151 103 124 152 97 169 146 169
0883195/034.jpg 22 44 62 154 153 96 104 152 106 127 143 91 162 148 164
0883195/035.jpg 22 44 62 154 153 94 103 153 100 125 142 104 171 149 169
0883195/028.jpg 22 66 66 128 128 98 111 145 96 145 132 119 170 158 157
0883195/039.jpg 22 38 57 150 150 98 104 147 108 133 143 100 174 136 177
0883195/021.jpg 22 51 66 128 128 97 98 152 105 122 142 93 160 140 166
0883195/018.jpg 22 51 66 128 128 93 111 146 98 132 136 110 169 156 158
0883195/006.jpg 22 44 62 154 153 97 102 152 103 125 136 102 165 147 166
0883195/020.jpg 22 51 66 128 128 93 112 137 103 106 143 108 167 146 160
0883195/046.jpg 22 51 66 128 128 103 107 152 106 140 139 107 168 148 167
0883195/003.jpg 22 44 62 154 153 94 102 154 104 124 148 97 167 146 168
0914848/030.jpg 20 44 62 154 153 91 110 153 104 124 140 103 177 155 173
0914848/035.jpg 20 44 62 154 153 90 111 146 103 111 142 105 176 151 170
0914848/019.jpg 20 44 44 154 154 92 105 154 106 110 140 92 171 150 173
0914848/007.jpg 20 66 78 107 107 94 106 154 103 131 141 97 160 151 156
0914848/036.jpg 20 44 62 154 153 95 106 156 105 126 141 98 170 155 170
0914848/016.jpg 20 51 66 128 128 99 100 155 108 128 131 92 160 145 167
0914848/005.jpg 20 51 66 128 128 92 113 148 105 126 133 101 167 157 158
0914848/027.jpg 20 51 66 128 128 98 103 154 113 127 137 88 155 146 165
0914848/004.jpg 20 51 66 128 128 94 116 133 108 101 142 106 173 138 167
0914848/020.jpg 20 51 66 128 128 95 112 148 105 121 142 100 161 158 154
0914848/034.jpg 20 66 66 128 128 97 105 153 102 133 141 102 166 149 164
0914848/018.jpg 20 51 66 128 128 90 114 137 104 102 142 105 174 142 166
0914848/026.jpg 20 66 66 128 128 100 107 159 103 131 143 104 169 149 166
0914848/008.jpg 20 44 62 154 153 93 105 151 104 121 141 94 161 153 161
0914848/011.jpg 20 44 62 154 153 88 101 153 102 120 136 91 169 148 170
0914848/013.jpg 20 66 66 128 128 87 112 136 88 114 144 116 171 158 152
0914848/031.jpg 20 66 66 128 128 98 101 157 108 125 141 90 156 148 162
0914848/002.jpg 20 44 44 154 154 93 118 145 97 116 135 115 173 160 155
0914848/033.jpg 20 44 62 154 153 95 108 155 108 125 134 100 169 150 169
0914848/009.jpg 20 44 62 154 153 92 102 155 101 127 135 95 164 153 163
0914848/010.jpg 20 44 44 154 154 90 113 150 99 120 135 103 172 161 159
0914848/028.jpg 20 49 64 134 134 88 101 153 98 121 137 95 172 152 170
0914848/039.jpg 20 60 65 133 133 92 116 143 100 116 133 113 177 157 165
0914848/023.jpg 20 66 66 128 128 107 105 159 116 139 140 93 156 147 166
0914848/043.jpg 20 51 66 128 128 94 107 153 106 125 140 97 166 150 166
0914848/042.jpg 20 44 62 154 153 92 107 154 106 120 133 95 169 152 168
0914848/014.jpg 20 54 68 130 130 94 103 155 110 125 148 88 159 144 166
0914848/012.jpg 20 44 62 154 153 92 105 155 105 125 138 89 165 156 167
0914848/032.jpg 20 44 62 154 153 96 107 154 105 126 142 96 161 159 159
0914848/017.jpg 20 60 62 144 144 102 103 155 114 119 136 92 160 141 170
0914848/022.jpg 20 64 61 128 128 99 107 141 97 108 137 111 170 140 164
0914848/040.jpg 20 44 62 154 153 92 106 153 104 123 140 92 161 155 160
0914848/001.jpg 20 44 62 154 153 94 105 162 107 125 143 98 173 156 177
0914848/006.jpg 20 44 62 154 153 91 107 150 99 126 135 104 170 154 162
0914848/024.jpg 20 66 66 107 107 102 102 153 103 133 133 100 152 144 151
0941966/012.jpg 24 44 62 154 153 90 124 150 106 108 135 105 190 162 178
0941966/040.jpg 24 44 62 154 153 91 102 154 102 123 147 92 161 154 161
0941966/021.jpg 24 52 73 129 129 91 116 144 99 119 127 110 173 156 160
0941966/001.jpg 24 44 62 154 153 93 101 153 104 124 145 94 168 144 170
0941966/032.jpg 24 44 62 154 153 89 103 151 95 127 137 97 166 160 157
0941966/016.jpg 24 44 62 154 153 91 101 156 102 122 147 90 162 157 163
0941966/015.jpg 24 52 75 127 127 86 95 149 93 127 126 95 158 150 155
0941966/005.jpg 24 51 66 128 128 91 104 149 92 126 138 109 165 159 154
0941966/043.jpg 24 44 62 154 153 89 107 149 95 126 135 103 168 161 157
0941966/033.jpg 24 44 62 154 153 87 100 151 97 125 142 89 165 153 163
0941966/028.jpg 24 44 62 154 153 92 103 153 101 119 144 99 174 151 172
0941966/007.jpg 24 51 66 128 128 105 98 150 110 134 136 94 158 132 167
0941966/029.jpg 24 51 66 128 128 98 94 155 107 121 138 86 159 134 170
0941966/004.jpg 24 51 66 128 128 94 103 151 102 128 140 99 167 148 166
0941966/020.jpg 24 66 66 128 128 105 112 154 114 147 126 118 166 158 166
0941966/027.jpg 24 51 66 128 128 96 110 146 101 121 138 112 170 149 164
0941966/022.jpg 24 55 67 130 130 104 91 156 105 126 146 87 161 133 171
0941966/042.jpg 24 53 71 139 139 105 96 162 112 117 144 90 161 134 173
0941966/025.jpg 24 66 66 128 128 93 106 150 94 127 137 109 165 160 154
0941966/047.jpg 24 44 62 154 153 92 103 153 103 124 145 96 170 149 170
0941966/036.jpg 24 44 62 154 153 92 101 153 104 123 144 93 169 145 171
0941966/003.jpg 24 44 62 154 153 94 103 152 103 126 139 100 171 148 171
0941966/013.jpg 24 44 62 154 153 92 106 153 101 125 134 102 171 154 168
0941966/026.jpg 24 51 66 128 128 95 103 152 102 129 143 98 166 148 166
0941966/023.jpg 24 44 62 154 153 91 105 153 101 124 143 101 175 152 172
0941966/008.jpg 24 51 66 128 128 86 110 137 103 97 134 95 166 133 162
0941966/009.jpg 24 44 44 154 154 97 107 146 101 108 129 103 166 143 162
0941966/006.jpg 24 51 66 128 128 92 101 153 102 123 144 88 158 153 160
0941966/011.jpg 24 66 66 128 128 93 109 146 96 129 135 114 169 156 159
0941966/039.jpg 24 51 66 128 128 94 107 147 98 120 136 107 164 156 156
0941966/010.jpg 24 58 71 126 126 94 100 153 104 124 147 91 155 146 159
0941966/030.jpg 24 51 66 128 128 91 104 149 97 119 143 103 168 154 162
0941966/024.jpg 24 66 78 107 107 100 103 153 106 134 141 98 164 145 166
0941966/041.jpg 24 51 66 128 128 91 100 151 100 120 144 96 167 144 168
0941966/037.jpg 24 44 44 154 154 91 94 153 97 128 140 91 165 142 168
0941966/044.jpg 24 66 66 128 128 104 102 163 104 144 139 103 171 159 172
0941966/045.jpg 24 66 66 128 128 95 108 151 99 128 137 110 170 158 162
0941966/018.jpg 24 66 66 128 128 88 116 137 88 124 141 119 168 163 145
0941966/038.jpg 24 44 62 154 153 94 105 152 101 120 144 103 172 151 169
0941966/002.jpg 24 44 44 154 154 91 104 151 94 121 139 102 162 161 152
0941966/017.jpg 24 66 66 128 128 93 119 142 92 130 131 124 168 167 146
0941966/034.jpg 24 44 62 154 153 91 102 155 101 123 148 92 162 156 161
0941966/014.jpg 24 44 62 154 153 101 105 154 108 139 134 107 169 149 170
0941966/035.jpg 24 44 62 154 153 95 103 153 106 127 140 97 168 147 171
0941966/048.jpg 24 51 66 128 128 88 100 150 97 124 142 90 164 154 161
0941966/019.jpg 24 66 66 128 128 108 108 156 104 150 131 116 167 154 163
0941966/031.jpg 24 66 78 107 107 98 109 148 110 132 135 107 170 144 171
0993458/011.jpg 5 44 62 154 153 94 109 151 103 118 140 104 171 151 167
0993458/056.jpg 5 51 66 128 128 91 108 149 101 121 147 103 165 151 160
0993458/025.jpg 5 51 66 128 128 95 110 146 102 114 143 106 167 151 161
0993458/057.jpg 5 44 44 154 154 90 111 147 98 121 142 106 167 158 155
0993458/055.jpg 5 44 62 154 153 91 109 151 104 119 149 97 164 160 159
0993458/032.jpg 5 44 44 154 154 95 98 151 106 111 134 89 162 136 168
0993458/022.jpg 5 44 62 154 153 97 107 153 106 119 141 102 172 148 171
0993458/038.jpg 5 51 66 128 128 94 107 153 105 126 147 96 160 151 159
0993458/012.jpg 5 44 62 154 153 94 107 152 105 119 144 98 163 154 161
0993458/040.jpg 5 64 72 117 117 96 107 154 106 124 138 101 172 139 171
0993458/035.jpg 5 44 62 154 153 90 106 151 98 123 143 97 162 161 153
0993458/010.jpg 5 51 66 128 128 93 108 148 106 131 134 105 171 148 169
0993458/023.jpg 5 44 62 154 153 93 108 152 102 123 144 102 168 155 163
0993458/019.jpg 5 44 44 154 154 98 110 149 106 111 137 103 172 142 170
0993458/053.jpg 5 51 66 128 128 94 111 147 103 115 139 106 170 148 164
0993458/001.jpg 5 51 66 128 128 93 103 148 104 122 142 95 164 139 164
0993458/002.jpg 5 51 66 128 128 95 116 141 104 105 138 106 173 143 165
0993458/041.jpg 5 44 62 154 153 91 106 153 103 123 145 98 165 154 162
0993458/013.jpg 5 51 66 128 128 91 107 151 101 125 143 102 168 151 163
0993458/034.jpg 5 44 62 154 153 89 106 150 98 122 145 102 166 155 159
0993458/003.jpg 5 66 66 128 128 102 103 159 105 136 148 97 160 149 162
0993458/054.jpg 5 44 62 154 153 92 105 154 105 121 145 94 163 155 163
0993458/043.jpg 5 66 66 128 128 90 114 141 90 130 133 111 161 162 138
0993458/048.jpg 5 51 66 128 128 93 107 148 104 114 138 99 168 144 167
0993458/024.jpg 5 44 44 154 154 97 104 150 104 114 137 98 167 142 167
0993458/028.jpg 5 44 62 154 153 97 106 153 107 131 134 100 165 151 166
0993458/042.jpg 5 66 64 132 132 106 113 139 113 104 148 107 176 134 177
0993458/021.jpg 5 44 62 154 153 93 107 153 106 123 147 95 161 155 160
0993458/004.jpg 5 44 44 154 154 97 108 150 105 117 144 107 165 151 164
0993458/044.jpg 5 44 44 154 154 92 111 148 96 118 141 112 171 157 159
0993458/016.jpg 5 51 66 128 128 97 107 152 110 116 134 96 166 141 168
0993458/015.jpg 5 51 66 128 128 88 122 131 103 107 150 116 175 151 160
0993458/052.jpg 5 44 62 154 153 90 103 154 102 124 146 96 169 147 168
0993458/017.jpg 5 66 66 128 128 91 116 144 93 135 141 116 169 161 149
0993458/018.jpg 5 44 62 154 153 96 103 155 107 127 146 92 161 146 165
0993458/036.jpg 5 66 66 128 128 98 105 153 108 118 133 98 164 141 167
0993458/005.jpg 5 66 66 128 128 92 123 142 93 138 142 114 164 168 134
0993458/049.jpg 5 44 62 154 153 89 112 148 99 128 146 99 166 161 152
0993458/051.jpg 5 51 66 128 128 91 108 144 102 109 147 102 163 154 158
0993458/045.jpg 5 44 44 154 154 93 106 151 101 115 147 102 162 162 157
0993458/029.jpg 5 51 66 128 128 97 110 149 106 123 139 105 168 148 165
0993458/050.jpg 5 51 66 128 128 98 103 153 105 127 146 98 163 144 164
0993458/014.jpg 5 44 62 154 153 96 102 154 105 119 146 99 166 147 169
0993458/020.jpg 5 51 66 128 128 90 109 145 98 117 144 106 162 158 152
0993458/047.jpg 5 51 66 128 128 94 111 146 103 114 140 106 171 148 165
0993458/037.jpg 5 51 51 128 128 88 110 141 95 113 143 110 168 153 156
0993458/033.jpg 5 66 66 128 128 99 111 154 104 116 131 104 169 150 164
0993458/008.jpg 5 44 62 154 153 91 108 152 101 125 140 96 164 160 158
0993458/007.jpg 5 60 68 127 127 90 109 150 99 124 145 102 164 159 155
0993458/046.jpg 5 51 66 128 128 94 106 148 106 134 148 90 170 140 170
0993458/027.jpg 5 66 78 107 107 98 108 145 101 115 137 111 165 145 161
0993458/039.jpg 5 44 44 154 154 92 109 148 100 117 143 105 166 156 158
0993458/009.jpg 5 44 44 154 154 95 107 147 99 110 141 106 170 150 165
